0,5;15;32;25;25;19;23;16;15;30;20;21;20;19;16;15;19;17;27;17;13;28;19;18;20;21;16;18;16;21;21;19;22;19;18;15;24;17;17;27;16;25;20;15
1,0;149;139;134;121;143;137;145;123;123;150;156;152;144;132;119;144;151;140;152;142;161;117;139;128;150;147;145;145;145;148;161;144;112;111;144;134;130;137;127;142;137;138;150
1,5;484;449;489;452;466;483;492;508;485;489;418;462;445;470;474;474;507;470;453;426;478;493;457;466;483;488;477;418;488;488;443;456;459;470;452;451;484;465;492;462;465;450;426
2,0;776;755;774;783;768;754;789;757;749;793;772;748;741;806;809;833;763;790;749;703;797;778;736;785;790;772;777;769;826;731;780;803;807;798;738;757;806;780;838;821;780;748;780
2,5;944;964;963;982;1001;992;985;1003;987;1027;965;986;995;931;968;1029;956;954;964;949;958;1046;928;998;971;932;1005;941;956;993;1080;1051;1023;972;985;987;930;960;1010;964;956;975;1024
3,0;1109;1129;1081;1133;1164;1140;1133;1161;1080;1124;1124;1149;1138;1158;1099;1146;1102;1143;1137;1109;1099;1100;1129;1087;1139;1133;1138;1080;1127;1128;1186;1165;1109;1146;1128;1158;1140;1168;1099;1113;1107;1091;1123
3,5;1237;1259;1286;1320;1208;1270;1256;1232;1237;1167;1204;1250;1281;1224;1321;1321;1195;1187;1222;1234;1200;1254;1214;1211;1170;1219;1200;1259;1224;1245;1260;1271;1240;1235;1219;1194;1242;1266;1235;1207;1241;1268;1265
4,0;1358;1260;1278;1315;1270;1280;1304;1330;1245;1301;1295;1350;1297;1307;1314;1334;1324;1328;1325;1276;1320;1263;1290;1338;1334;1368;1352;1359;1340;1303;1312;1297;1316;1271;1329;1289;1245;1334;1338;1318;1297;1332;1338
4,5;1319;1346;1380;1367;1378;1394;1338;1410;1232;1333;1344;1374;1346;1259;1383;1385;1358;1420;1392;1294;1251;1313;1282;1334;1314;1354;1335;1369;1388;1378;1316;1352;1364;1316;1343;1354;1390;1369;1369;1318;1334;1299;1375
5,0;1425;1329;1447;1427;1412;1325;1398;1360;1392;1306;1335;1390;1400;1450;1334;1318;1385;1449;1377;1436;1383;1412;1423;1413;1309;1427;1383;1325;1428;1338;1338;1361;1379;1410;1402;1337;1360;1396;1376;1434;1452;1421;1371
5,5;1428;1450;1443;1371;1381;1417;1356;1348;1445;1435;1466;1415;1428;1417;1367;1386;1367;1362;1420;1376;1379;1379;1456;1380;1434;1444;1419;1385;1350;1385;1420;1357;1394;1488;1384;1377;1360;1446;1402;1476;1380;1466;1426
6,0;1375;1423;1378;1432;1437;1380;1427;1430;1362;1436;1392;1350;1372;1447;1444;1369;1422;1415;1458;1421;1428;1436;1353;1447;1400;1366;1364;1397;1369;1463;1436;1376;1433;1439;1468;1431;1415;1444;1430;1371;1338;1470;1439
6,5;1457;1421;1452;1386;1419;1430;1446;1445;1432;1420;1458;1470;1451;1449;1409;1462;1469;1425;1444;1411;1434;1427;1440;1417;1414;1471;1393;1449;1453;1388;1442;1437;1439;1422;1394;1375;1404;1440;1400;1423;1423;1465;1343
7,0;1435;1371;1485;1425;1505;1404;1448;1410;1466;1381;1453;1427;1465;1386;1404;1437;1457;1455;1395;1398;1513;1465;1516;1457;1542;1408;1465;1468;1444;1492;1430;1424;1421;1443;1415;1421;1442;1494;1481;1383;1435;1391;1430
7,5;1501;1398;1481;1419;1402;1412;1433;1402;1429;1474;1450;1403;1428;1488;1477;1455;1441;1465;1446;1464;1350;1431;1350;1392;1404;1429;1401;1412;1335;1456;1404;1439;1430;1395;1382;1447;1450;1411;1492;1413;1450;1449;1458
8,0;1380;1454;1430;1468;1427;1477;1407;1430;1452;1538;1408;1445;1460;1387;1506;1440;1475;1481;1458;1404;1374;1341;1461;1460;1468;1466;1434;1419;1413;1504;1481;1477;1389;1398;1457;1505;1452;1403;1458;1507;1420;1371;1398
8,5;1351;1405;1491;1415;1504;1477;1514;1410;1410;1450;1418;1472;1399;1455;1489;1461;1395;1473;1406;1476;1492;1464;1404;1467;1450;1464;1449;1455;1409;1441;1484;1439;1485;1400;1444;1398;1459;1483;1408;1453;1404;1418;1463
9,0;1409;1404;1516;1408;1515;1421;1461;1444;1434;1432;1471;1476;1384;1422;1536;1419;1475;1448;1501;1408;1391;1439;1446;1447;1410;1459;1464;1398;1408;1444;1420;1411;1470;1407;1522;1409;1387;1430;1432;1454;1465;1456;1471
9,5;1427;1404;1458;1413;1366;1397;1422;1491;1399;1406;1400;1432;1410;1412;1434;1411;1511;1458;1415;1442;1479;1470;1475;1445;1439;1429;1384;1369;1439;1422;1426;1417;1422;1413;1397;1418;1413;1398;1490;1434;1449;1352;1367
10,0;1424;1420;1443;1486;1396;1395;1437;1432;1442;1408;1413;1540;1385;1446;1351;1414;1447;1462;1487;1428;1517;1438;1472;1414;1475;1499;1431;1438;1452;1446;1422;1431;1414;1474;1395;1444;1400;1425;1381;1460;1452;1495;1434
10,5;1409;1476;1457;1465;1396;1386;1381;1524;1448;1417;1432;1468;1440;1377;1383;1506;1451;1413;1447;1488;1418;1386;1500;1413;1418;1420;1453;1450;1399;1447;1391;1347;1576;1422;1456;1403;1442;1456;1342;1469;1359;1432;1438
11,0;1427;1439;1461;1403;1351;1454;1425;1353;1394;1416;1410;1434;1496;1401;1472;1402;1407;1416;1457;1433;1420;1501;1436;1440;1392;1469;1450;1473;1502;1451;1374;1451;1389;1466;1383;1443;1427;1412;1440;1380;1487;1417;1352
11,5;1497;1419;1433;1418;1456;1414;1462;1498;1459;1431;1485;1423;1412;1470;1412;1415;1442;1411;1414;1443;1398;1488;1419;1495;1425;1472;1477;1445;1469;1425;1470;1441;1421;1452;1428;1397;1451;1383;1374;1399;1384;1424;1532
12,0;1433;1389;1451;1463;1458;1474;1442;1483;1487;1403;1423;1429;1476;1469;1417;1382;1430;1364;1465;1397;1448;1414;1450;1413;1397;1413;1403;1429;1484;1518;1487;1367;1455;1416;1341;1366;1443;1411;1378;1438;1335;1360;1393
12,5;1422;1424;1459;1401;1405;1414;1393;1419;1337;1406;1477;1479;1437;1499;1469;1431;1465;1403;1485;1463;1424;1507;1400;1471;1425;1451;1482;1461;1444;1472;1440;1357;1470;1479;1475;1473;1449;1399;1468;1459;1409;1533;1438
13,0;1418;1444;1405;1455;1384;1458;1404;1374;1437;1453;1462;1457;1464;1430;1429;1477;1488;1342;1511;1462;1404;1386;1467;1483;1492;1361;1407;1429;1373;1450;1367;1412;1411;1488;1421;1435;1411;1404;1456;1368;1386;1397;1385
13,5;1484;1441;1416;1408;1465;1356;1418;1435;1419;1442;1448;1428;1361;1437;1439;1456;1399;1455;1395;1484;1470;1446;1379;1447;1398;1446;1427;1467;1450;1441;1428;1403;1423;1334;1421;1429;1496;1433;1384;1483;1479;1408;1417
14,0;1405;1481;1384;1510;1446;1441;1377;1478;1470;1369;1442;1491;1384;1432;1411;1409;1422;1419;1373;1371;1382;1480;1450;1439;1472;1440;1445;1462;1525;1414;1392;1448;1439;1460;1469;1464;1481;1447;1379;1476;1385;1385;1371
14,5;1452;1472;1459;1488;1471;1388;1438;1434;1477;1458;1396;1426;1444;1422;1419;1452;1453;1475;1410;1367;1400;1465;1460;1449;1435;1477;1420;1455;1436;1428;1465;1489;1425;1415;1416;1394;1534;1479;1352;1430;1434;1343;1429
15,0;1442;1441;1365;1437;1418;1419;1386;1403;1450;1403;1384;1409;1357;1471;1496;1463;1411;1373;1444;1417;1395;1396;1416;1351;1320;1426;1478;1418;1431;1403;1398;1456;1412;1456;1435;1403;1495;1342;1459;1393;1446;1380;1478
15,5;1405;1438;1429;1442;1454;1406;1463;1454;1412;1393;1358;1426;1516;1510;1420;1447;1447;1474;1458;1447;1430;1361;1417;1423;1400;1449;1454;1366;1454;1298;1438;1392;1397;1381;1345;1382;1522;1463;1315;1426;1354;1436;1453
16,0;1338;1499;1419;1434;1463;1347;1398;1419;1467;1419;1478;1406;1414;1395;1425;1407;1408;1411;1400;1436;1492;1396;1392;1408;1417;1478;1402;1385;1455;1415;1340;1430;1384;1414;1386;1442;1401;1340;1445;1373;1383;1456;1455
16,5;1530;1526;1495;1424;1466;1456;1427;1449;1432;1463;1432;1412;1498;1461;1427;1379;1465;1493;1459;1374;1414;1448;1374;1445;1444;1409;1439;1498;1424;1481;1473;1355;1427;1470;1511;1402;1429;1468;1438;1515;1389;1433;1462
17,0;1442;1417;1438;1415;1423;1428;1441;1459;1393;1429;1458;1374;1436;1398;1445;1375;1429;1386;1410;1427;1491;1414;1502;1397;1457;1414;1397;1375;1433;1434;1446;1353;1423;1374;1422;1395;1407;1371;1387;1363;1467;1430;1375
17,5;1384;1404;1403;1388;1389;1399;1415;1360;1377;1488;1346;1441;1372;1373;1444;1380;1480;1392;1475;1419;1363;1391;1421;1425;1390;1393;1433;1389;1413;1345;1373;1387;1435;1430;1465;1434;1341;1436;1339;1411;1454;1385;1413
18,0;1423;1375;1403;1347;1318;1406;1431;1413;1402;1383;1420;1345;1486;1377;1464;1387;1354;1410;1467;1405;1425;1354;1382;1410;1445;1415;1368;1369;1489;1439;1397;1347;1345;1437;1374;1426;1358;1373;1436;1478;1429;1441;1501
18,5;1441;1434;1384;1338;1418;1427;1409;1454;1357;1400;1450;1473;1426;1482;1379;1318;1403;1475;1410;1405;1375;1409;1486;1395;1454;1364;1427;1337;1360;1360;1342;1446;1349;1446;1464;1426;1463;1461;1420;1381;1427;1360;1470
19,0;1450;1417;1401;1379;1428;1410;1413;1372;1452;1450;1432;1370;1365;1384;1463;1373;1465;1405;1410;1437;1421;1438;1341;1337;1429;1349;1444;1387;1383;1345;1413;1402;1424;1340;1382;1400;1469;1395;1442;1350;1418;1371;1369
19,5;1446;1407;1445;1399;1340;1440;1394;1411;1414;1430;1371;1378;1393;1374;1385;1408;1387;1434;1480;1417;1405;1420;1404;1415;1362;1438;1411;1441;1396;1422;1366;1388;1355;1383;1456;1419;1384;1330;1423;1339;1369;1366;1408
20,0;1465;1441;1441;1361;1419;1390;1537;1383;1402;1397;1438;1446;1392;1365;1457;1433;1399;1404;1426;1426;1366;1436;1414;1413;1403;1376;1337;1416;1441;1414;1383;1410;1461;1374;1421;1364;1458;1422;1460;1428;1388;1388;1397
20,5;1361;1392;1424;1447;1390;1391;1485;1445;1414;1425;1331;1380;1352;1439;1384;1439;1448;1417;1470;1358;1468;1311;1388;1376;1426;1343;1460;1412;1372;1386;1413;1419;1439;1398;1362;1402;1474;1468;1378;1447;1442;1414;1379
21,0;1385;1383;1350;1406;1413;1435;1333;1392;1404;1366;1424;1386;1394;1383;1372;1418;1432;1384;1417;1418;1442;1464;1330;1376;1373;1463;1344;1402;1323;1422;1412;1381;1429;1371;1406;1473;1442;1355;1436;1413;1404;1383;1449
21,5;1400;1440;1413;1369;1447;1385;1402;1391;1469;1396;1421;1418;1510;1404;1362;1391;1438;1268;1426;1368;1429;1348;1391;1413;1484;1389;1376;1420;1418;1414;1406;1466;1458;1396;1457;1410;1469;1350;1360;1395;1361;1331;1418
22,0;1397;1439;1353;1411;1438;1450;1358;1369;1396;1415;1348;1418;1400;1324;1476;1351;1363;1399;1425;1345;1391;1371;1407;1429;1445;1409;1365;1372;1452;1456;1306;1361;1427;1370;1419;1428;1393;1377;1380;1355;1438;1426;1366
22,5;1390;1386;1381;1410;1452;1378;1397;1401;1382;1361;1399;1314;1408;1314;1371;1380;1334;1383;1421;1385;1402;1356;1341;1389;1409;1393;1388;1397;1433;1416;1309;1442;1367;1329;1411;1422;1418;1382;1397;1338;1438;1410;1403
23,0;1394;1381;1387;1341;1393;1427;1344;1391;1430;1415;1387;1380;1399;1426;1385;1340;1384;1415;1398;1366;1361;1456;1387;1421;1337;1409;1389;1336;1392;1366;1358;1389;1436;1397;1299;1351;1399;1420;1309;1431;1382;1367;1352
23,5;1388;1354;1424;1386;1399;1369;1412;1446;1414;1384;1427;1383;1422;1396;1375;1418;1427;1463;1386;1348;1367;1419;1414;1386;1415;1491;1357;1384;1456;1379;1387;1370;1409;1438;1432;1361;1432;1395;1417;1420;1406;1345;1485
24,0;1351;1373;1360;1353;1363;1358;1367;1343;1353;1358;1388;1361;1360;1383;1402;1372;1421;1325;1422;1436;1392;1386;1366;1470;1350;1347;1380;1401;1392;1391;1378;1382;1326;1388;1361;1382;1369;1324;1325;1434;1322;1381;1392
24,5;1477;1410;1422;1429;1329;1391;1364;1362;1461;1376;1387;1316;1366;1362;1360;1390;1476;1409;1393;1400;1422;1463;1382;1362;1364;1426;1393;1357;1354;1402;1457;1391;1402;1425;1386;1364;1462;1375;1387;1360;1455;1372;1363
25,0;1346;1417;1320;1402;1392;1376;1373;1338;1446;1366;1353;1315;1420;1383;1366;1379;1339;1354;1421;1371;1370;1382;1381;1343;1370;1362;1349;1414;1420;1398;1279;1314;1318;1313;1417;1410;1377;1339;1472;1335;1344;1383;1336
25,5;1359;1355;1324;1380;1377;1440;1308;1412;1394;1385;1415;1349;1366;1448;1403;1425;1346;1342;1391;1428;1432;1355;1342;1348;1404;1397;1369;1384;1379;1371;1412;1353;1373;1336;1364;1423;1377;1410;1361;1407;1329;1360;1361
26,0;1349;1358;1356;1313;1352;1427;1328;1398;1385;1394;1427;1345;1396;1312;1346;1393;1383;1374;1329;1375;1379;1386;1357;1390;1328;1332;1414;1348;1346;1379;1372;1363;1307;1345;1360;1371;1330;1390;1353;1430;1361;1262;1424
26,5;1364;1370;1351;1437;1361;1430;1365;1330;1412;1327;1430;1326;1329;1318;1374;1400;1418;1420;1366;1328;1409;1339;1386;1375;1354;1369;1338;1349;1322;1350;1353;1427;1334;1347;1391;1331;1378;1422;1406;1390;1371;1310;1378
27,0;1337;1350;1352;1342;1415;1327;1353;1396;1408;1351;1399;1297;1315;1308;1401;1384;1337;1331;1376;1388;1338;1320;1333;1401;1352;1375;1411;1295;1391;1364;1322;1328;1393;1325;1361;1270;1358;1386;1347;1345;1376;1432;1352
27,5;1317;1402;1333;1432;1384;1436;1371;1351;1374;1336;1360;1346;1286;1387;1428;1323;1357;1503;1382;1304;1343;1364;1348;1359;1352;1382;1297;1379;1370;1408;1349;1306;1316;1373;1364;1427;1396;1353;1365;1395;1347;1377;1378
28,0;1343;1372;1298;1329;1323;1305;1398;1329;1356;1369;1293;1371;1297;1404;1350;1326;1398;1320;1311;1366;1340;1327;1362;1348;1322;1294;1402;1362;1373;1383;1344;1371;1345;1299;1321;1362;1348;1270;1310;1354;1300;1337;1333
28,5;1424;1380;1339;1363;1477;1353;1328;1258;1386;1356;1387;1319;1373;1355;1454;1349;1400;1288;1349;1295;1378;1393;1356;1379;1365;1366;1375;1334;1337;1413;1310;1389;1386;1382;1370;1302;1394;1310;1416;1378;1391;1378;1393
29,0;1322;1340;1289;1411;1296;1343;1340;1319;1307;1349;1359;1324;1335;1299;1380;1313;1343;1307;1413;1350;1318;1316;1312;1366;1406;1354;1361;1344;1327;1355;1351;1310;1331;1308;1373;1416;1353;1346;1332;1327;1387;1239;1346
29,5;1339;1280;1285;1348;1355;1349;1425;1409;1367;1382;1353;1292;1320;1347;1351;1376;1282;1329;1371;1346;1386;1231;1314;1355;1316;1311;1294;1413;1405;1429;1277;1393;1301;1446;1357;1401;1335;1278;1331;1289;1328;1336;1313
30,0;1349;1287;1335;1334;1317;1309;1343;1342;1328;1355;1333;1245;1338;1320;1313;1361;1303;1336;1331;1330;1345;1329;1326;1326;1337;1289;1324;1324;1286;1409;1349;1351;1352;1337;1364;1316;1312;1314;1351;1373;1265;1379;1364
30,5;1339;1374;1369;1317;1355;1338;1327;1382;1401;1311;1317;1371;1384;1317;1328;1334;1362;1298;1317;1322;1369;1440;1382;1277;1352;1355;1314;1349;1332;1327;1389;1304;1335;1319;1315;1306;1380;1318;1393;1344;1379;1322;1269
31,0;1294;1422;1274;1285;1277;1324;1313;1378;1321;1357;1361;1374;1338;1301;1359;1231;1272;1330;1277;1333;1270;1231;1296;1310;1249;1293;1313;1272;1299;1277;1334;1320;1319;1340;1258;1296;1356;1295;1292;1321;1376;1307;1317
31,5;1308;1372;1300;1332;1361;1290;1358;1323;1309;1310;1279;1338;1293;1287;1349;1288;1284;1336;1387;1385;1294;1245;1278;1257;1346;1410;1314;1263;1297;1332;1270;1336;1341;1381;1303;1357;1352;1367;1328;1278;1313;1332;1344
32,0;1248;1301;1354;1319;1299;1271;1339;1289;1364;1291;1319;1307;1339;1325;1349;1252;1225;1256;1312;1248;1353;1377;1285;1278;1224;1262;1325;1271;1290;1227;1295;1260;1298;1316;1271;1243;1273;1309;1271;1308;1259;1257;1240
32,5;1384;1389;1391;1359;1371;1381;1326;1339;1392;1360;1381;1403;1373;1302;1360;1408;1362;1323;1361;1337;1353;1322;1395;1369;1321;1360;1264;1373;1408;1339;1390;1352;1365;1387;1339;1340;1337;1314;1404;1350;1404;1344;1376
33,0;1341;1298;1338;1321;1248;1285;1286;1346;1381;1257;1346;1332;1291;1328;1318;1264;1293;1264;1317;1307;1322;1302;1325;1263;1295;1304;1300;1302;1267;1272;1308;1323;1320;1298;1257;1318;1272;1285;1355;1309;1273;1248;1338
33,5;1364;1296;1286;1298;1345;1385;1372;1353;1265;1285;1350;1360;1288;1232;1331;1316;1290;1351;1302;1349;1320;1331;1295;1282;1306;1323;1315;1332;1322;1303;1297;1287;1221;1322;1317;1253;1286;1324;1281;1304;1260;1294;1314
34,0;1304;1218;1243;1235;1264;1358;1295;1270;1398;1345;1339;1319;1300;1319;1316;1361;1311;1300;1306;1285;1303;1270;1300;1346;1327;1308;1226;1274;1378;1238;1319;1321;1263;1324;1283;1255;1319;1257;1327;1240;1279;1306;1300
34,5;1307;1350;1276;1288;1287;1346;1274;1252;1305;1306;1238;1304;1288;1341;1295;1290;1332;1385;1275;1302;1328;1316;1334;1300;1312;1285;1317;1282;1329;1289;1256;1257;1321;1293;1297;1332;1268;1299;1316;1333;1281;1419;1315
35,0;1292;1238;1338;1389;1294;1329;1314;1274;1328;1287;1249;1288;1283;1279;1348;1302;1347;1289;1258;1312;1405;1335;1310;1302;1288;1229;1345;1358;1313;1333;1278;1282;1367;1243;1322;1350;1302;1350;1306;1355;1284;1266;1331
35,5;1355;1393;1405;1350;1363;1435;1352;1350;1385;1299;1424;1298;1335;1375;1353;1420;1293;1347;1348;1305;1371;1377;1379;1361;1377;1327;1382;1382;1268;1315;1326;1412;1341;1317;1414;1394;1355;1308;1362;1375;1414;1318;1328
36,0;1330;1338;1298;1390;1397;1396;1382;1316;1398;1450;1296;1417;1346;1371;1404;1386;1359;1427;1331;1381;1379;1346;1371;1410;1334;1424;1436;1350;1422;1362;1346;1335;1394;1379;1360;1387;1346;1338;1351;1402;1384;1346;1372
36,5;1366;1418;1389;1364;1385;1378;1413;1360;1352;1374;1415;1381;1415;1378;1410;1367;1373;1348;1390;1378;1401;1355;1324;1421;1351;1381;1417;1404;1364;1383;1377;1411;1403;1377;1410;1366;1362;1421;1358;1389;1303;1409;1337
37,0;1401;1383;1386;1407;1330;1427;1352;1351;1358;1410;1400;1382;1318;1357;1384;1355;1391;1347;1449;1354;1378;1363;1333;1433;1334;1404;1362;1420;1339;1376;1327;1458;1365;1440;1344;1419;1473;1369;1340;1416;1328;1369;1357
37,5;1389;1406;1378;1368;1314;1406;1336;1427;1411;1416;1407;1436;1329;1405;1389;1389;1358;1379;1407;1357;1402;1414;1381;1380;1332;1362;1340;1426;1395;1385;1418;1371;1452;1358;1385;1361;1395;1317;1445;1389;1339;1394;1368
38,0;1356;1363;1383;1358;1368;1374;1307;1390;1427;1343;1442;1414;1372;1333;1379;1365;1349;1315;1323;1351;1381;1412;1330;1395;1408;1392;1369;1372;1354;1362;1282;1332;1402;1344;1391;1318;1320;1412;1321;1373;1347;1285;1390
38,5;1394;1375;1355;1346;1362;1377;1406;1336;1351;1386;1372;1399;1381;1351;1378;1451;1322;1344;1293;1362;1335;1375;1420;1369;1431;1443;1296;1361;1313;1384;1384;1328;1372;1388;1433;1359;1342;1345;1371;1399;1426;1404;1374
39,0;1394;1425;1355;1420;1398;1355;1382;1340;1409;1314;1373;1337;1366;1334;1336;1265;1342;1415;1417;1445;1417;1336;1354;1400;1295;1321;1355;1349;1333;1379;1358;1417;1351;1369;1351;1311;1327;1381;1328;1353;1378;1391;1411
39,5;1419;1331;1362;1372;1315;1450;1406;1445;1368;1452;1339;1341;1384;1382;1413;1378;1425;1375;1311;1316;1356;1384;1322;1368;1368;1382;1459;1389;1385;1331;1332;1361;1325;1337;1372;1412;1398;1375;1341;1391;1300;1366;1405
40,0;1423;1330;1354;1428;1365;1410;1330;1402;1387;1285;1346;1319;1402;1355;1393;1340;1387;1316;1379;1294;1359;1337;1352;1391;1309;1348;1253;1373;1348;1353;1384;1363;1314;1264;1413;1351;1332;1330;1396;1333;1360;1352;1299
40,5;1310;1315;1375;1351;1286;1297;1377;1262;1344;1257;1365;1297;1304;1306;1345;1380;1310;1285;1339;1360;1313;1369;1371;1338;1336;1352;1304;1326;1380;1300;1317;1323;1386;1330;1319;1356;1353;1301;1302;1327;1342;1366;1254
41,0;1329;1386;1378;1337;1370;1274;1363;1382;1285;1355;1227;1309;1345;1349;1338;1342;1338;1402;1289;1341;1367;1375;1348;1347;1271;1320;1357;1281;1327;1353;1397;1408;1344;1449;1362;1312;1377;1339;1336;1410;1327;1324;1356
41,5;1345;1392;1425;1332;1380;1387;1380;1356;1346;1337;1329;1353;1361;1409;1421;1350;1342;1395;1382;1422;1292;1334;1321;1339;1380;1344;1343;1408;1378;1284;1310;1341;1422;1338;1382;1326;1366;1380;1347;1364;1366;1364;1287
42,0;1348;1297;1344;1300;1339;1335;1280;1360;1316;1400;1318;1331;1369;1313;1388;1325;1325;1331;1300;1436;1341;1318;1329;1325;1329;1290;1366;1367;1291;1326;1377;1323;1363;1311;1353;1407;1280;1295;1339;1373;1412;1318;1331
42,5;1336;1426;1335;1344;1302;1315;1288;1305;1316;1288;1446;1285;1375;1299;1357;1383;1370;1302;1373;1278;1302;1207;1276;1379;1385;1315;1359;1331;1378;1369;1309;1357;1277;1277;1326;1367;1362;1306;1228;1362;1349;1337;1268
43,0;1300;1336;1358;1334;1339;1272;1376;1303;1307;1352;1376;1294;1354;1307;1299;1325;1328;1387;1347;1354;1363;1331;1335;1361;1379;1385;1368;1291;1287;1339;1304;1344;1300;1385;1326;1341;1301;1284;1326;1407;1266;1310;1340
43,5;1329;1307;1333;1409;1379;1373;1341;1362;1381;1369;1343;1307;1363;1296;1341;1355;1308;1326;1303;1285;1399;1338;1345;1301;1267;1391;1379;1327;1300;1284;1360;1280;1344;1308;1365;1332;1290;1342;1312;1428;1296;1323;1257
44,0;1310;1270;1313;1378;1298;1347;1263;1295;1299;1260;1313;1281;1362;1312;1277;1347;1271;1297;1320;1315;1290;1335;1339;1295;1284;1317;1294;1301;1315;1261;1293;1354;1307;1260;1307;1354;1315;1356;1330;1338;1309;1316;1287
44,5;1305;1269;1227;1277;1306;1252;1282;1312;1345;1311;1277;1327;1354;1357;1310;1284;1364;1270;1313;1345;1335;1319;1365;1297;1259;1298;1304;1320;1282;1312;1319;1305;1329;1333;1340;1259;1240;1313;1314;1311;1274;1371;1294
45,0;1348;1324;1276;1246;1275;1313;1371;1227;1239;1313;1234;1306;1347;1266;1310;1322;1280;1334;1363;1326;1279;1265;1295;1284;1278;1273;1271;1258;1251;1308;1339;1322;1244;1243;1350;1269;1244;1291;1308;1327;1321;1260;1358
45,5;1314;1318;1287;1266;1300;1314;1328;1306;1291;1422;1376;1285;1347;1318;1328;1306;1364;1362;1309;1351;1247;1328;1285;1284;1300;1289;1354;1282;1204;1294;1298;1324;1296;1343;1321;1326;1339;1279;1335;1259;1229;1307;1330
46,0;1297;1259;1244;1263;1320;1249;1241;1273;1264;1264;1258;1258;1321;1306;1329;1250;1356;1260;1246;1224;1322;1323;1311;1328;1292;1234;1278;1214;1240;1240;1346;1291;1364;1293;1331;1313;1211;1357;1322;1300;1258;1302;1292
46,5;1284;1291;1307;1368;1253;1274;1308;1216;1310;1277;1277;1330;1260;1284;1266;1302;1298;1330;1336;1222;1297;1360;1287;1273;1315;1275;1269;1251;1282;1273;1369;1293;1297;1235;1329;1302;1301;1272;1272;1302;1327;1274;1244
47,0;1297;1269;1291;1292;1264;1295;1273;1282;1248;1318;1354;1256;1326;1328;1323;1298;1296;1309;1311;1234;1315;1214;1325;1273;1263;1347;1240;1250;1276;1295;1270;1263;1309;1290;1246;1223;1291;1278;1270;1208;1271;1200;1316
47,5;1240;1280;1236;1257;1293;1308;1250;1273;1224;1198;1320;1310;1274;1315;1173;1297;1238;1271;1276;1288;1237;1203;1253;1244;1235;1249;1296;1239;1272;1294;1337;1217;1299;1218;1260;1238;1291;1266;1242;1358;1313;1277;1259
48,0;1255;1210;1256;1207;1228;1174;1225;1227;1289;1225;1214;1241;1246;1220;1224;1214;1187;1229;1262;1207;1253;1232;1245;1233;1172;1299;1220;1195;1189;1188;1178;1245;1202;1285;1215;1217;1227;1207;1254;1228;1226;1224;1208
48,5;1091;1136;1153;1121;1040;1104;1059;1106;1068;1090;1076;1102;1132;1105;1134;1144;1132;1064;1134;1109;1105;1068;1082;1156;1010;1141;1109;1111;1075;1099;1103;1166;1142;1130;1051;1133;1115;1194;1118;1117;1042;1091;1105
49,0;1161;1132;1177;1233;1206;1099;1093;1143;1083;1116;1190;1118;1172;1110;1077;1151;1172;1154;1137;1108;1170;1144;1127;1143;1109;1175;1149;1145;1196;1120;1179;1194;1165;1144;1151;1160;1112;1171;1122;1141;1160;1171;1127
49,5;1158;1120;1142;1152;1144;1184;1158;1120;1195;1100;1145;1181;1170;1182;1126;1171;1120;1195;1133;1163;1145;1169;1218;1200;1109;1075;1153;1136;1178;1154;1163;1167;1206;1164;1125;1175;1222;1142;1129;1140;1172;1155;1084
50,0;1106;1141;1114;1060;1115;1153;1136;1093;1140;1126;1111;1190;1166;1140;1073;1122;1106;1076;1100;1136;1142;1114;1058;1153;1150;1151;1108;1108;1144;1064;1200;1147;1139;1122;1161;1123;1101;1127;1179;1243;1100;1088;1148
50,5;1137;1181;1144;1115;1157;1113;1104;1143;1111;1164;1167;1137;1216;1174;1114;1143;1155;1120;1178;1150;1140;1148;1146;1110;1115;1183;1115;1119;1098;1157;1037;1062;1165;1148;1105;1210;1141;1137;1162;1138;1050;1203;1153
51,0;1112;1119;1125;1120;1071;1091;1131;1103;1147;1167;1130;1114;1074;1096;1125;1129;1090;1143;1156;1137;1118;1132;1142;1091;1073;1107;1152;1132;1088;1139;1146;1114;1147;1151;1129;1182;1134;1222;1144;1138;1174;1171;1175
51,5;1092;1116;1158;1129;1163;1136;1066;1146;1077;1074;1100;1107;1135;1159;1097;1120;1143;1100;1103;1156;1072;1122;1091;1059;1121;1096;1122;1101;1111;1091;1134;1110;1148;1077;1114;1134;1102;1103;1110;1123;1132;1117;1144
52,0;1112;1043;1129;1115;1098;1189;1129;1052;1115;1135;1088;1140;1072;1084;1081;1142;1034;1153;1122;1104;1144;1090;1098;1134;1048;1161;1125;1083;1072;1071;1048;1106;1146;1103;1165;1098;1181;1145;1019;1097;1115;1086;1163
52,5;1118;1140;1108;1125;1092;1051;1023;1109;1095;1073;1069;1033;1090;1144;1072;1156;1115;1113;1117;1071;1079;1117;1106;1100;1084;1118;1087;1091;1088;1096;1111;1103;1104;1089;1165;1065;1101;1086;1054;1049;1071;1095;1036
53,0;1099;1107;1064;1039;1116;1107;1148;1078;1082;1166;1062;1086;1073;1105;1105;1072;1070;1149;1084;1065;1144;1098;1130;1097;1105;1078;1020;1030;1109;1070;1039;1108;1097;1084;1123;1088;1044;1103;1050;1096;1080;1085;1083
53,5;1129;1095;1113;1086;1108;1058;1085;1154;1102;1070;1091;1097;1080;1166;1030;1116;1110;1123;1126;1175;1110;1131;1059;1176;1093;1064;1095;1162;1093;1102;1134;1072;1124;1093;1137;1120;1058;1087;1136;1086;1128;1095;1059
54,0;1135;1125;1081;1057;1037;1057;1084;1046;1090;1085;1110;1077;1086;1049;1129;1040;1101;1077;1052;1075;1092;1122;1130;1076;1059;1092;1054;1085;1113;1033;1106;1044;1136;1065;1030;1095;1048;1101;1057;1112;1129;1046;1098
54,5;1058;1097;1056;1071;1003;1091;1127;1055;1012;1063;1125;1073;1106;1098;1077;1068;1064;1078;1122;1054;1067;1094;1092;1099;1050;1128;1036;1003;1062;1037;1076;1123;1094;1059;1110;1122;1057;1092;1076;1025;1101;1053;1035
55,0;1045;1047;1027;1054;1046;1098;1058;1093;1053;1072;1144;1074;1026;1118;1070;1119;1095;1069;1132;1042;1104;1057;1100;1091;1075;1113;1115;1042;1127;1038;1061;1117;1045;1019;1080;1056;1033;1110;1110;1055;1038;1068;1064
55,5;1022;1065;1119;1064;1153;1100;1042;1037;1128;1036;1058;1046;1069;1063;1048;1101;1101;1098;1042;1097;1065;1089;1110;1074;1021;1096;1002;1075;1093;995;1007;1020;1062;1060;1046;1029;1086;1058;1076;1100;981;1016;1096
56,0;1041;1073;1044;1051;1000;1086;1004;1020;1055;1060;1013;1098;1025;1000;1050;1104;1055;998;1092;1023;1019;1081;1038;1044;990;1063;1066;1023;998;1046;1047;986;1022;1067;1068;1078;1047;1032;1025;1111;1012;1098;1004
56,5;1058;989;991;1033;983;1053;1002;987;954;996;1012;968;983;1019;1043;997;981;1025;1015;1055;972;990;1017;976;1040;1004;1008;1030;1050;1018;986;1030;959;1014;1060;1063;996;969;1037;1031;1011;1021;1004
57,0;1030;1046;1034;1023;1042;979;1075;1016;978;1038;1040;966;1017;1065;1034;1052;1029;1031;1058;1028;1064;993;1035;1018;978;1039;1039;1042;1014;1007;1017;1077;1045;1058;1070;1101;1009;1046;1027;1065;1083;1012;1084
57,5;1058;1056;1057;1059;1028;986;1078;1064;1066;1032;1056;1002;1024;987;1068;1007;1098;1020;1059;1053;1058;1064;1035;1086;1052;1028;1038;1059;1009;1064;1021;1060;1105;981;1089;1022;1032;1051;1049;977;1029;1058;996
58,0;1014;1021;969;1070;995;961;1079;1028;1008;1027;1006;1040;1000;1071;1059;1018;1027;951;1032;1050;967;1045;1013;1048;1013;991;976;994;1060;1064;961;1046;971;1055;1036;985;1044;1032;990;986;989;1006;1005
58,5;1027;1033;1084;1025;1047;1048;1026;1076;999;1121;1021;971;1000;1026;1021;1105;1056;982;1044;993;1033;1066;1073;1009;1053;1008;1028;971;1070;1009;1064;1025;1026;1046;1004;955;1017;1010;941;1025;1037;1028;1034
59,0;992;1043;1066;1053;1044;1067;940;1021;1046;967;1061;1028;1106;1023;1016;1008;1018;1021;977;1015;1001;996;997;1026;1053;1027;1008;1037;1030;1049;980;1096;1008;1022;999;1028;1021;990;1026;1025;997;989;1023
59,5;998;1029;1016;1042;1020;1022;1009;1054;950;1056;956;1025;979;1004;987;1010;1064;1000;972;1003;1030;975;1009;1027;1005;957;961;1019;1089;996;1014;983;972;1040;1064;1017;1001;1025;1034;1029;1034;1013;1001
60,0;997;975;971;978;971;966;1028;995;996;986;1010;989;975;1001;1066;980;1036;1001;986;989;1009;924;1009;1012;1027;1015;1047;995;1008;947;994;982;1016;1022;950;972;981;1006;1006;1028;970;940;1044
60,5;993;1045;1027;974;977;980;975;1003;982;996;995;986;923;962;939;978;950;1010;981;962;1004;991;986;1000;1009;963;983;1010;985;980;941;988;957;979;968;974;1021;1033;1025;991;960;938;1030
61,0;960;951;1017;991;968;966;989;1058;940;968;986;992;997;1018;1008;920;969;1032;978;973;1029;966;1023;958;950;947;1013;970;978;973;966;1074;977;1046;942;972;992;981;1003;1006;996;984;967
61,5;1008;1000;1017;967;1000;1010;1012;992;1005;1014;987;975;1039;1050;967;1026;1041;985;992;962;1020;984;957;980;990;1012;1005;981;978;967;996;1028;1013;1063;977;1002;1042;1088;1023;1015;1017;984;986
62,0;959;967;929;924;967;956;946;996;942;980;965;1002;901;955;975;979;935;945;986;957;987;958;889;958;989;903;978;983;926;923;919;985;973;950;967;954;997;955;917;951;923;975;965
62,5;941;998;1012;1009;970;958;973;986;921;996;1023;965;979;965;999;1008;968;999;962;1027;937;965;936;955;1043;928;972;987;1037;920;990;975;1027;984;961;963;989;994;1009;1019;1013;948;962
63,0;895;969;1015;926;972;942;987;957;1010;988;942;988;981;961;912;950;934;958;958;966;870;962;965;966;971;956;969;970;930;991;985;932;967;980;940;936;970;876;958;992;929;954;986
63,5;990;873;919;979;900;929;936;953;953;935;915;912;976;980;966;1019;947;1000;929;954;940;1011;925;969;951;1002;965;973;988;963;1010;940;974;1000;1019;952;955;918;929;957;968;946;984
64,0;979;933;1043;1017;1034;1006;990;992;950;986;1048;913;994;1031;947;975;1024;1003;973;995;1011;987;1032;1058;997;1007;993;935;1000;1003;1053;1036;978;980;998;1008;1023;1012;1051;972;1066;1023;1002
64,5;853;812;840;882;834;872;756;858;883;795;773;852;799;833;808;851;816;830;815;789;810;877;822;851;827;872;806;839;831;800;814;832;834;817;839;811;837;839;875;794;827;823;845
65,0;918;966;870;945;888;926;909;878;897;915;914;950;892;964;890;861;959;915;1004;977;913;936;890;942;953;957;935;893;902;881;948;895;904;927;921;928;941;922;961;950;945;915;953
65,5;964;952;913;927;932;944;877;900;920;937;905;876;896;921;889;905;899;953;915;980;908;936;930;911;952;898;964;869;931;913;890;979;967;923;942;932;933;889;905;919;947;929;927
66,0;877;909;887;912;985;931;896;904;915;905;918;951;922;957;922;955;880;910;959;877;855;882;922;952;912;879;924;884;903;923;864;911;912;870;923;920;869;959;978;895;865;933;956
66,5;897;910;890;913;967;910;921;893;917;826;939;926;898;905;894;902;930;891;883;955;855;916;940;922;878;874;863;881;924;910;825;880;854;900;916;919;885;937;878;891;891;920;870
67,0;898;962;950;928;950;896;928;904;900;902;935;886;907;919;906;883;921;866;951;909;930;920;917;934;903;888;908;935;896;945;914;957;938;909;917;860;938;975;886;907;898;905;918
67,5;905;858;886;977;897;868;852;909;838;899;861;861;878;903;888;885;832;893;862;903;898;898;932;893;934;930;892;853;823;920;879;908;881;924;927;886;865;859;892;858;858;951;940
68,0;878;877;867;874;865;935;874;891;916;962;882;870;910;893;927;847;930;899;924;886;874;869;927;939;892;895;932;900;862;886;898;921;888;851;916;932;876;883;880;817;894;886;919
68,5;886;888;864;832;846;820;851;893;863;866;887;823;844;848;833;853;868;840;866;793;888;838;883;829;864;853;881;774;848;840;870;889;869;873;840;852;867;856;890;796;829;880;863
69,0;945;888;868;836;841;883;862;922;882;879;848;891;885;877;883;892;846;884;914;874;884;867;823;857;839;849;893;812;907;873;867;869;826;853;932;860;858;882;869;861;872;899;925
69,5;900;911;843;887;922;935;814;877;859;893;899;829;890;923;859;826;804;872;809;873;888;808;884;855;883;859;898;855;858;879;863;860;852;892;878;949;856;846;824;899;901;894;886
70,0;895;843;891;910;900;882;829;805;842;852;863;904;800;868;873;848;852;902;842;838;861;893;877;866;817;837;859;853;850;868;802;889;872;837;803;856;849;864;859;876;863;829;790
70,5;838;845;864;862;846;847;800;788;848;861;839;844;884;845;843;830;841;834;807;843;798;829;863;875;851;870;878;808;814;834;863;820;858;817;826;815;878;830;837;839;890;822;832
71,0;886;830;856;864;869;824;859;818;829;849;791;830;856;862;867;852;844;811;828;860;902;882;824;852;891;860;848;867;819;844;819;880;893;837;860;879;906;849;813;834;868;887;873
71,5;838;863;820;873;888;828;858;806;859;839;802;859;822;864;849;803;834;821;836;808;808;825;854;870;789;819;835;847;787;848;819;819;822;819;808;833;844;831;857;803;843;814;842
72,0;777;821;848;841;803;872;845;848;848;878;824;867;845;902;849;856;862;911;837;843;884;868;868;899;810;849;869;855;874;831;897;858;879;847;828;866;861;889;880;777;823;831;843
72,5;804;778;788;764;802;808;751;763;721;767;736;744;778;728;765;770;817;729;783;751;763;769;792;771;733;821;814;770;792;773;744;720;790;753;775;798;781;800;769;773;829;773;749
73,0;839;807;795;804;790;813;815;832;789;819;842;796;792;845;823;815;787;842;829;841;835;830;805;812;864;789;854;766;817;807;842;738;796;796;792;841;844;829;804;828;873;813;798
73,5;770;884;840;815;860;774;763;851;806;793;775;785;818;872;820;787;798;858;827;797;788;842;817;791;830;790;833;824;813;815;793;795;816;868;788;809;852;807;809;774;773;837;821
74,0;774;789;750;813;767;824;797;786;750;839;776;730;838;775;776;794;832;808;762;816;837;805;814;744;843;832;798;790;788;798;835;823;782;821;781;825;791;798;786;754;795;795;778
74,5;758;774;754;816;826;779;823;814;820;761;822;804;777;807;746;783;752;762;783;782;767;772;753;830;795;792;867;871;815;794;832;849;778;750;792;803;777;809;783;845;790;756;802
75,0;812;823;830;786;815;786;777;796;844;833;754;758;827;751;819;788;787;820;811;766;776;780;820;794;776;812;772;816;835;787;817;774;747;792;772;811;788;790;795;801;773;763;808
75,5;782;798;771;797;788;822;779;796;783;788;752;771;760;785;787;773;779;761;788;735;779;814;821;752;811;773;750;769;766;785;791;762;747;803;769;781;788;774;791;797;736;794;839
76,0;769;743;750;771;746;759;811;762;850;813;730;726;795;752;753;739;760;823;805;812;713;789;752;774;758;743;751;799;827;762;787;762;726;775;768;808;772;850;725;738;762;772;740
76,5;688;773;767;715;692;713;758;780;764;790;756;711;698;746;685;780;742;752;743;743;722;781;787;746;754;738;753;754;716;820;798;734;759;750;734;744;787;784;740;739;814;759;719
77,0;738;735;725;728;766;757;767;772;750;777;760;715;786;734;724;776;755;739;737;718;740;763;762;761;779;777;756;720;791;740;729;758;736;760;786;758;805;791;760;718;709;747;722
77,5;732;792;741;770;767;740;737;755;793;763;758;754;748;850;736;766;719;774;762;732;770;807;750;752;721;761;729;799;782;749;708;782;772;778;767;779;707;740;765;767;759;774;791
78,0;772;736;711;765;748;736;764;746;779;732;713;733;716;792;759;766;684;731;726;749;787;718;703;737;758;730;756;704;665;726;751;760;741;735;768;749;691;714;678;713;753;751;769
78,5;731;696;747;712;743;736;737;745;756;704;783;765;733;698;739;764;702;754;736;731;787;693;720;756;765;746;730;708;781;733;737;718;703;707;786;758;724;752;727;744;756;713;733
79,0;725;719;717;769;742;753;692;719;709;732;665;720;765;750;768;751;688;734;733;749;758;717;690;745;709;738;692;768;755;722;730;734;733;703;739;733;726;717;798;725;757;743;712
79,5;718;694;689;679;759;750;732;717;769;737;716;723;714;797;715;706;730;748;694;716;762;703;675;698;709;738;770;709;697;753;709;710;782;710;710;778;755;699;690;742;768;757;768
80,0;701;734;716;743;705;758;701;702;725;732;698;684;688;682;705;780;706;742;752;712;775;727;737;713;723;766;745;695;705;719;759;762;719;746;733;733;749;761;688;723;716;726;734
80,5;657;637;687;641;702;645;678;698;655;690;657;688;692;680;655;658;639;629;661;667;668;646;683;681;656;674;677;667;682;666;671;731;645;656;655;622;716;602;671;628;679;654;669
81,0;728;713;717;704;698;710;709;718;684;765;702;686;694;694;679;646;690;744;690;702;702;706;733;697;714;718;734;670;677;683;708;628;703;730;696;728;702;712;640;696;738;706;769
81,5;721;694;693;743;725;677;689;692;696;666;714;757;724;688;686;686;677;714;703;701;690;693;735;686;706;719;676;711;701;713;680;716;760;722;695;741;685;768;702;719;681;701;726
82,0;715;678;669;674;660;678;691;695;660;683;682;659;692;690;700;694;695;684;635;669;660;662;689;622;667;690;676;666;623;701;627;648;693;695;715;654;708;712;695;671;677;688;699
82,5;679;670;668;720;661;677;680;650;675;713;659;688;646;683;688;708;660;689;714;700;686;735;656;695;678;714;716;690;682;696;670;708;674;687;630;693;650;707;713;703;668;680;705
83,0;694;705;669;672;694;676;670;681;641;672;662;670;683;634;643;690;725;658;699;658;666;648;660;719;671;643;724;675;650;717;680;653;694;671;675;684;727;713;673;695;687;708;682
83,5;681;621;654;654;644;665;637;661;638;623;629;676;654;662;668;646;654;652;618;682;645;679;688;661;658;669;660;670;685;659;652;637;639;710;727;639;646;651;681;655;696;684;661
84,0;644;632;613;660;641;635;632;603;700;641;669;662;644;639;645;661;640;648;611;686;611;647;715;603;630;652;635;685;683;659;642;665;644;619;697;645;706;644;670;563;684;664;619
84,5;616;615;649;666;683;664;664;652;623;579;651;681;665;644;628;633;666;662;618;692;663;635;638;644;656;623;668;623;692;609;688;626;659;648;691;636;665;644;663;626;703;708;593
85,0;652;642;616;594;635;647;609;631;688;662;658;648;650;623;638;715;651;645;647;646;617;662;664;618;657;651;635;632;655;669;665;658;675;632;643;600;666;651;655;687;622;638;618
85,5;632;626;649;608;664;625;669;656;676;644;627;603;623;653;671;618;635;711;671;620;634;642;656;612;680;672;609;657;646;668;635;706;652;649;674;650;644;615;639;678;605;651;640
86,0;637;612;582;610;592;597;613;597;617;597;634;665;646;683;652;632;639;637;585;649;614;641;658;657;657;660;615;620;611;652;637;664;620;630;649;618;612;611;657;650;610;647;634
86,5;648;662;651;628;616;593;596;604;562;648;636;579;660;608;655;635;668;681;644;649;670;608;582;617;613;639;601;662;615;586;604;671;617;604;636;611;616;628;666;642;612;593;619
87,0;617;575;597;654;583;618;627;628;662;637;624;613;601;615;640;622;611;649;622;634;627;603;618;600;606;633;615;652;621;597;628;664;634;646;585;607;612;639;642;593;704;614;619
87,5;631;613;613;556;644;604;579;570;616;621;644;597;607;577;627;614;640;627;629;601;612;586;634;622;636;669;632;654;608;534;673;660;618;649;629;610;615;613;630;587;582;598;634
88,0;581;596;594;615;619;598;585;611;593;635;605;573;617;609;599;611;572;637;545;620;598;583;597;589;574;561;600;556;605;542;632;607;566;653;569;591;613;574;597;552;579;563;626
88,5;592;577;573;547;588;616;556;566;598;595;573;564;566;573;568;547;596;602;553;552;575;524;590;580;594;578;605;566;595;579;601;526;546;608;574;589;553;657;610;569;537;615;578
89,0;577;594;555;574;618;602;584;557;575;629;579;588;583;588;560;577;575;552;613;598;599;574;588;595;583;594;596;572;597;610;574;571;549;581;584;629;586;576;557;612;568;577;661
89,5;629;614;538;586;617;586;608;584;563;543;623;620;580;634;582;592;608;561;576;613;604;563;622;650;585;550;576;576;589;582;572;565;590;633;561;614;637;663;575;612;658;631;597
90,0;545;551;587;585;567;562;546;525;540;552;568;550;559;556;590;554;578;584;573;568;598;598;577;559;597;535;560;536;584;564;581;594;555;569;566;614;547;604;568;570;576;564;561
90,5;544;583;557;579;557;597;593;547;581;589;607;576;556;588;567;588;546;553;602;588;544;584;548;586;560;575;545;593;593;571;550;571;531;607;607;575;616;596;627;535;553;560;564
91,0;568;579;581;598;574;588;567;549;560;546;568;502;569;571;564;561;574;565;552;563;544;572;579;545;580;546;529;574;600;581;593;555;565;548;555;563;532;518;571;594;570;607;584
91,5;587;552;558;587;547;497;524;607;557;566;594;617;550;606;567;579;541;581;569;550;538;569;566;605;570;592;576;554;558;587;533;524;568;574;551;562;578;550;615;546;588;526;574
92,0;560;550;561;573;611;546;559;555;524;539;530;511;550;560;598;565;507;521;530;551;514;587;587;566;599;563;546;536;537;519;570;576;576;485;547;529;462;550;566;573;555;566;539
92,5;567;566;543;551;541;554;557;609;552;589;551;524;571;565;539;512;535;573;566;547;566;559;559;546;561;520;480;508;507;494;526;583;560;526;547;579;527;572;550;560;533;562;563
93,0;546;555;516;551;535;550;510;564;554;493;588;553;523;542;551;509;567;506;546;529;538;564;526;531;556;499;505;534;534;493;511;526;532;550;527;536;532;550;541;545;534;553;567
93,5;561;539;550;549;527;521;498;487;550;516;530;507;551;547;553;585;514;574;589;517;528;548;538;507;560;533;556;536;544;541;519;554;514;558;525;560;515;494;556;514;576;566;575
94,0;533;496;507;530;536;545;530;516;501;533;532;509;510;520;494;522;547;507;527;518;533;502;517;535;519;505;464;510;533;521;505;563;475;527;487;528;521;498;553;509;482;512;549
94,5;547;474;541;487;487;518;544;588;506;529;542;504;545;514;571;562;518;531;498;539;505;503;516;520;523;480;533;585;537;498;529;544;516;525;576;560;546;530;515;535;553;509;520
95,0;528;494;505;520;581;551;540;554;485;515;508;499;522;567;498;519;510;534;510;509;492;496;517;503;508;522;524;452;529;479;502;475;507;490;507;486;546;533;499;501;520;515;508
95,5;560;532;480;530;498;467;488;483;487;469;508;517;500;470;486;512;485;524;509;503;518;526;493;518;499;533;487;467;513;522;471;515;482;498;567;505;531;529;502;517;458;546;506
96,0;479;493;472;528;488;448;489;521;480;516;496;517;514;485;515;494;486;483;503;479;486;484;476;507;500;446;472;472;508;485;521;442;461;475;519;478;481;534;506;473;504;492;476
96,5;498;479;483;462;489;472;470;453;489;490;458;498;481;496;418;490;460;488;467;479;470;462;486;498;455;457;483;485;487;519;503;464;502;475;526;479;433;526;496;487;483;478;514
97,0;491;488;504;506;476;457;469;440;483;511;468;490;511;482;457;494;439;461;492;509;517;507;437;467;451;467;521;492;466;470;484;475;495;468;503;533;517;474;448;481;518;504;515
97,5;477;498;498;492;498;472;463;485;489;492;510;503;480;479;450;506;518;492;484;520;474;476;493;512;498;488;504;520;447;478;484;494;460;505;492;502;513;469;476;464;456;461;535
98,0;464;462;486;481;508;439;482;445;491;472;481;467;464;482;459;479;499;444;448;465;496;499;472;454;499;452;455;483;468;473;432;471;426;476;466;478;480;467;480;465;459;491;449
98,5;481;484;457;454;465;488;468;424;459;465;473;403;442;482;464;508;447;459;485;469;443;458;496;437;489;453;474;479;464;445;494;467;475;497;487;520;474;505;490;433;504;451;468
99,0;410;492;429;458;442;452;431;462;495;463;465;474;470;449;458;455;465;442;456;448;455;452;489;483;462;496;482;450;434;440;449;481;458;437;462;455;487;459;428;478;430;435;468
99,5;441;430;478;475;492;452;452;431;425;449;449;442;419;471;452;495;471;423;477;511;479;455;452;470;459;452;458;452;429;497;448;502;436;417;451;450;482;414;458;467;447;459;414
100,0;448;417;444;443;390;437;417;461;428;428;421;484;463;442;417;454;454;424;440;442;458;441;447;444;401;443;468;453;459;471;443;449;462;440;500;441;441;505;408;451;439;435;439
100,5;466;409;450;458;418;451;398;442;452;428;444;442;442;464;434;430;460;412;431;408;452;453;436;462;433;490;474;444;448;439;446;477;405;433;409;439;425;451;429;468;420;421;432
101,0;427;446;457;459;395;395;432;392;455;414;421;409;455;441;416;428;411;432;431;418;437;437;438;422;433;452;407;449;454;470;426;446;423;416;404;395;456;439;448;443;476;455;439
101,5;445;442;450;436;438;445;434;455;431;441;394;392;429;422;456;418;427;406;415;471;433;395;458;450;399;427;428;457;411;436;427;452;449;463;459;439;421;414;442;454;429;458;469
102,0;419;420;411;378;399;406;418;442;425;386;434;410;438;415;433;390;399;427;405;411;423;381;412;406;433;414;430;431;414;385;425;399;340;401;419;447;414;497;441;430;420;426;413
102,5;389;413;435;424;438;420;389;400;418;415;417;409;397;401;385;441;397;418;417;415;394;420;415;426;385;409;411;425;422;442;441;404;432;414;414;450;378;416;369;427;420;414;414
103,0;433;418;394;430;444;372;394;370;382;403;415;416;439;421;427;428;393;404;403;386;481;409;425;386;418;388;427;415;430;412;454;416;412;392;402;442;444;386;434;403;437;371;437
103,5;421;406;430;418;402;429;431;391;404;435;394;422;388;434;396;404;404;454;433;441;384;407;380;397;410;440;411;421;410;411;413;395;445;438;408;418;409;427;422;390;401;408;380
104,0;418;435;399;383;358;415;373;405;356;411;413;458;410;416;365;396;348;354;389;413;409;390;427;330;424;377;382;373;391;393;345;374;416;381;386;405;383;395;407;370;448;400;390
104,5;386;386;348;380;401;400;367;411;403;351;372;356;340;397;372;381;403;382;365;389;375;370;359;375;351;359;358;413;395;414;379;373;364;392;415;350;372;374;383;384;396;390;423
105,0;395;377;407;337;389;426;399;357;349;404;366;405;394;383;397;445;425;373;373;378;386;404;391;373;373;370;369;395;366;379;402;424;377;408;388;375;370;417;406;398;398;391;393
105,5;368;362;420;386;390;384;396;394;384;377;358;409;382;394;376;377;393;401;399;398;385;395;400;393;419;358;417;373;395;428;432;386;382;368;398;361;421;406;378;392;406;388;391
106,0;369;373;373;392;389;399;374;371;332;375;343;369;349;392;395;363;370;353;398;392;378;372;383;366;384;362;359;406;379;368;371;392;374;384;378;360;399;349;401;380;378;384;388
106,5;404;380;393;373;336;390;383;349;395;376;364;352;376;371;383;376;340;416;387;401;343;381;383;381;379;388;330;392;396;372;361;350;365;362;363;357;377;357;412;391;363;343;397
107,0;370;351;416;347;360;360;367;354;355;346;359;352;380;370;375;353;380;373;398;385;366;375;371;369;400;347;352;386;364;355;384;355;355;378;381;432;340;359;353;410;392;365;345
107,5;375;371;341;355;370;379;353;327;357;336;350;349;367;348;366;380;348;374;355;408;356;336;351;357;359;358;353;349;360;375;348;376;379;370;388;347;367;385;363;339;397;359;362
108,0;325;373;362;320;347;326;348;356;336;339;326;355;390;378;324;341;357;364;331;342;365;394;327;363;354;396;341;377;323;316;397;342;357;343;363;339;350;357;358;357;315;350;344
108,5;372;367;347;346;330;334;336;349;342;370;309;382;346;352;359;328;353;361;375;322;347;364;330;356;345;357;363;401;372;369;332;352;340;378;346;368;341;335;329;354;363;358;364
109,0;330;324;350;334;326;341;362;323;348;388;290;350;332;335;315;317;334;317;330;325;331;336;359;328;341;349;311;312;331;353;331;327;357;360;368;310;336;329;337;341;327;334;335
109,5;325;369;351;350;332;375;315;315;313;356;331;327;342;352;336;335;342;341;339;368;356;310;301;361;320;335;342;380;330;365;351;329;347;344;324;328;323;320;332;348;322;335;358
110,0;346;322;311;367;358;335;313;303;324;289;289;341;294;340;324;293;319;289;337;308;330;298;314;316;331;336;313;320;351;324;349;335;330;319;315;357;324;331;320;319;313;347;334
110,5;359;336;334;346;327;316;327;328;317;343;339;314;345;318;348;314;355;319;336;327;339;344;347;325;318;298;311;326;349;342;329;331;320;345;318;351;383;336;296;302;334;337;317
111,0;290;336;312;316;322;319;298;339;324;335;346;323;345;328;301;343;323;301;315;342;326;342;319;310;317;331;357;351;318;300;325;354;338;309;299;336;329;310;308;314;302;316;333
111,5;335;339;311;337;322;319;324;343;326;325;341;351;312;321;319;285;298;309;329;332;306;305;300;327;302;331;339;344;298;311;333;337;344;304;302;325;339;307;316;308;312;333;333
112,0;359;300;247;299;321;288;313;256;301;298;290;344;312;298;304;316;301;290;285;284;294;297;288;285;330;299;329;271;343;284;303;313;297;276;292;291;311;299;278;306;310;301;280
112,5;327;296;345;299;296;305;311;311;298;257;288;338;295;297;307;326;323;330;316;326;329;301;307;303;299;321;312;294;328;362;289;317;315;338;342;339;308;298;304;338;313;324;334
113,0;288;302;306;293;295;279;299;342;309;296;294;311;327;295;300;307;294;298;281;303;286;280;310;319;303;293;285;283;336;293;352;334;301;285;317;273;279;310;289;331;319;297;289
113,5;279;292;301;324;287;252;307;299;283;284;305;290;306;271;278;296;314;295;301;285;271;289;298;275;283;292;321;295;292;337;270;301;304;321;313;289;306;311;309;300;293;287;305
114,0;267;275;281;305;288;315;299;311;284;296;274;294;257;282;288;297;278;270;291;276;282;297;260;295;297;279;280;257;310;281;279;258;290;278;297;276;298;260;273;293;274;288;268
114,5;312;302;271;296;299;290;275;282;298;283;304;273;279;284;291;292;293;268;273;255;315;279;276;301;279;288;283;271;269;301;291;295;296;322;286;275;261;304;309;323;252;292;316
115,0;269;304;288;285;287;283;272;286;289;269;263;302;298;252;275;274;271;263;275;274;280;275;285;254;267;295;273;265;275;311;327;284;294;312;284;306;291;281;256;321;289;291;316
115,5;296;257;260;265;274;266;300;280;277;271;298;278;246;292;279;248;261;258;282;293;265;240;268;268;287;273;289;259;267;297;273;277;280;284;233;266;267;257;274;299;253;265;266
116,0;239;250;304;306;271;254;262;266;255;270;287;254;297;279;261;274;257;290;265;275;238;288;269;265;261;258;290;283;259;248;257;243;295;282;251;284;290;242;256;296;301;266;279
116,5;268;274;282;265;279;283;282;249;296;291;276;269;272;242;281;299;266;261;257;255;271;270;299;270;260;264;252;243;282;259;265;296;286;251;290;252;264;256;288;275;250;294;263
117,0;257;245;277;266;262;262;263;265;257;275;285;266;272;251;270;262;242;228;257;258;242;278;266;242;277;243;264;265;256;258;277;256;271;258;230;229;290;269;284;256;241;259;253
117,5;267;244;260;261;238;276;242;262;250;265;240;238;258;275;256;266;261;278;267;243;269;238;269;256;262;248;243;244;258;251;273;245;258;290;237;274;271;251;293;257;262;266;269
118,0;224;263;239;244;292;256;259;232;245;235;243;260;263;241;231;239;261;256;261;258;272;258;240;284;259;250;258;223;238;260;252;250;280;243;223;261;244;253;240;254;263;224;264
118,5;255;254;243;260;242;217;265;251;265;267;275;254;226;251;269;262;243;249;223;240;225;235;232;233;262;248;284;282;250;265;258;275;252;231;263;270;245;231;255;227;242;230;251
119,0;229;230;231;256;245;274;257;229;259;242;239;254;251;256;248;277;227;232;242;223;241;247;214;219;243;242;256;254;229;224;248;266;239;262;224;229;248;235;278;261;231;203;254
119,5;224;230;242;218;235;260;245;223;231;249;241;269;225;235;256;231;232;242;229;245;257;199;247;242;237;235;220;223;248;231;215;200;231;212;202;241;250;273;243;221;247;250;250
120,0;237;216;222;209;243;230;226;220;210;217;221;218;240;216;239;217;214;205;220;242;196;211;229;206;228;232;204;201;227;209;233;218;244;214;226;249;228;242;212;248;221;198;237
120,5;246;213;235;208;218;215;204;237;210;233;227;226;223;208;226;217;233;251;214;212;245;230;227;231;227;211;218;243;230;224;240;241;223;210;229;222;209;237;224;221;206;228;213
121,0;228;207;227;223;225;219;228;231;257;227;208;239;198;226;216;212;222;223;225;221;229;206;221;241;231;203;218;212;223;228;244;236;198;226;188;243;222;230;249;232;219;218;214
121,5;195;240;210;224;215;202;189;233;209;248;235;215;237;225;213;228;223;211;229;246;232;215;207;232;250;233;252;195;246;220;220;223;226;208;230;205;222;203;227;223;219;254;228
122,0;206;195;212;210;180;217;232;206;234;200;189;195;217;236;215;197;200;196;209;218;212;200;207;206;221;203;229;215;212;232;199;217;206;192;234;211;204;195;210;212;199;231;202
122,5;209;207;236;213;220;219;207;208;233;201;210;219;210;202;205;204;183;194;216;206;231;204;206;198;238;227;212;214;227;240;194;228;209;230;210;241;213;229;222;234;218;215;227
123,0;213;201;228;193;196;209;195;197;222;201;197;195;215;204;202;205;232;204;206;207;218;222;207;208;233;182;231;193;223;198;211;202;223;201;210;195;192;224;202;199;229;220;199
123,5;215;198;181;207;212;194;193;205;194;213;200;183;207;177;206;210;201;221;192;182;175;207;190;198;209;231;207;190;176;219;208;196;205;204;204;192;197;200;189;205;191;221;232
124,0;205;202;217;213;193;189;215;191;183;183;158;197;202;204;173;213;186;188;183;185;220;208;200;190;180;181;180;188;198;204;198;218;226;171;218;206;202;200;195;169;192;197;182
124,5;216;182;168;213;204;164;173;198;188;203;195;208;191;221;190;189;199;187;179;206;201;206;202;195;193;212;204;204;196;193;206;202;205;172;190;209;245;198;189;207;203;187;202
125,0;188;177;183;205;193;207;193;183;196;188;226;173;189;177;196;205;188;194;181;171;178;189;194;182;194;225;200;195;186;180;186;205;208;197;185;154;164;192;194;178;182;190;193
125,5;187;206;180;194;194;191;178;205;207;168;189;185;203;193;226;217;194;191;191;190;196;204;220;191;189;187;183;196;187;192;190;205;164;194;184;187;165;218;207;168;191;205;189
126,0;176;187;187;176;159;146;155;178;179;189;170;209;208;188;175;186;160;183;189;184;163;211;187;163;187;176;185;193;165;188;195;180;161;169;178;157;197;186;169;178;180;181;202
126,5;180;159;191;198;181;188;155;159;181;192;176;199;203;198;179;197;205;166;173;210;181;168;190;169;154;197;170;153;156;179;182;189;183;197;186;189;183;189;175;189;185;184;195
127,0;164;173;171;168;161;178;172;176;200;162;167;169;178;176;166;176;185;161;183;186;168;170;185;155;186;182;184;177;172;188;178;161;196;182;155;186;173;183;172;158;169;183;182
127,5;153;203;167;179;143;172;179;192;173;186;163;161;170;168;182;147;159;182;174;192;163;163;164;179;162;192;162;164;174;185;178;179;182;180;173;201;176;154;174;167;177;205;176
128,0;183;180;187;167;165;174;165;166;185;195;185;186;172;185;162;183;192;185;174;173;172;171;194;166;163;168;181;164;162;162;168;162;166;157;180;191;211;192;177;181;174;163;165
128,5;147;157;165;151;163;159;135;162;150;135;133;143;169;166;136;161;154;167;144;143;175;146;162;165;164;141;146;156;140;141;153;156;172;150;171;166;158;158;154;157;147;166;148
129,0;148;168;161;149;131;169;173;156;163;151;159;159;139;147;157;158;178;153;148;164;165;153;163;173;188;165;167;156;146;155;162;171;179;181;181;157;176;152;142;159;151;171;171
129,5;171;152;167;153;173;137;161;157;156;148;164;149;167;162;152;150;163;189;163;155;160;164;171;156;156;168;169;139;148;177;161;166;137;166;158;168;161;169;157;131;145;157;169
130,0;154;151;154;149;143;154;139;152;131;155;142;151;154;152;161;134;143;159;165;142;150;150;144;176;157;166;134;169;131;167;157;147;152;170;175;160;178;162;169;157;179;165;147
130,5;146;143;172;170;159;142;147;163;154;107;159;146;143;150;139;133;132;152;129;142;148;167;161;176;155;142;152;155;141;149;157;142;160;160;147;160;160;148;135;144;162;126;156
131,0;126;142;147;149;119;142;137;166;169;142;151;118;147;141;155;139;147;127;135;144;159;159;162;149;145;133;167;139;169;151;139;167;146;147;134;158;154;131;156;133;142;150;135
131,5;130;159;150;153;138;142;150;157;146;143;132;158;152;156;145;149;165;152;137;152;143;147;151;156;132;143;132;147;147;146;153;145;147;162;154;154;141;153;125;137;155;151;146
132,0;115;152;158;145;135;137;119;133;147;125;133;143;150;148;157;136;148;151;142;143;144;141;131;135;145;134;166;147;145;161;137;141;164;122;137;138;155;149;160;154;171;163;137
132,5;158;139;135;127;125;129;131;122;154;135;136;129;127;123;137;125;124;130;129;137;132;137;128;145;142;137;141;130;137;150;152;153;113;137;139;123;139;151;140;138;134;132;107
133,0;128;117;162;127;153;136;119;136;144;141;140;114;133;114;153;139;116;135;143;134;144;125;137;141;140;142;133;124;141;144;147;124;120;138;112;130;145;147;128;141;147;129;135
133,5;140;107;115;140;152;129;137;118;141;132;129;123;117;127;113;118;130;139;140;133;120;138;108;141;143;128;111;126;113;129;139;134;138;128;135;141;149;115;134;112;151;139;136
134,0;135;134;107;135;150;125;148;135;120;122;136;130;118;119;131;151;116;130;137;131;103;119;142;121;121;125;136;128;119;104;137;130;115;123;132;131;147;127;154;123;155;130;133
134,5;124;116;133;123;130;112;116;121;130;133;115;124;144;132;126;126;133;112;112;133;110;127;126;120;136;125;117;147;133;126;127;140;125;121;126;125;130;129;112;141;115;157;141
135,0;137;128;130;126;122;101;145;124;115;129;127;105;135;126;127;122;134;146;123;116;115;139;110;133;106;110;127;108;125;132;109;136;131;121;119;108;127;108;126;147;137;119;122
135,5;115;147;110;125;121;135;108;112;132;123;122;118;115;113;114;121;114;107;114;116;128;129;121;131;132;131;123;133;111;122;139;132;108;108;122;110;122;112;111;115;120;115;109
136,0;111;134;99;123;116;110;132;105;110;124;129;116;107;123;118;109;117;120;135;114;125;117;118;109;118;112;112;124;119;111;127;110;123;121;131;131;122;118;122;118;128;109;123
136,5;109;111;101;95;97;121;108;113;123;122;100;90;100;98;114;94;112;105;103;108;102;90;100;118;92;91;94;103;120;114;83;101;104;104;111;118;108;108;117;107;93;109;108
137,0;105;98;92;121;132;114;105;121;125;95;121;119;108;104;103;122;123;120;117;118;133;106;103;107;119;133;115;98;113;108;126;127;110;117;107;90;116;114;112;124;102;95;114
137,5;102;100;108;108;105;108;110;112;100;108;124;107;118;107;106;112;123;116;109;88;110;101;105;125;121;98;111;97;107;93;114;115;103;121;113;96;103;102;122;106;103;110;109
138,0;97;111;95;92;117;96;106;102;76;115;99;104;102;101;122;115;97;101;93;125;115;101;118;103;102;104;93;101;102;103;97;111;111;99;104;119;110;120;91;108;101;90;96
138,5;94;108;103;108;100;98;96;97;91;97;96;98;96;100;97;98;109;95;99;120;103;111;121;104;100;114;100;117;102;96;115;107;107;96;117;94;92;105;112;113;94;108;108
139,0;105;92;95;114;112;103;84;95;94;86;113;121;108;94;111;106;112;118;78;84;111;108;97;102;110;87;111;95;95;105;95;96;94;102;111;107;117;122;103;89;120;99;90
139,5;106;101;101;84;81;87;91;94;82;95;86;90;85;94;105;97;81;85;102;83;104;104;95;100;104;106;93;99;102;115;99;100;86;95;102;105;85;97;112;103;94;112;115
140,0;87;111;88;98;88;87;80;91;96;89;79;76;100;106;82;86;122;89;96;114;100;102;101;92;107;100;108;112;95;111;92;86;99;95;107;92;95;105;95;88;93;104;111
140,5;105;110;91;73;85;86;113;88;80;81;109;83;98;104;98;95;79;96;97;106;94;82;87;83;79;106;96;97;84;103;82;99;91;122;103;80;111;80;98;85;84;90;74
141,0;95;98;80;75;85;87;109;97;89;67;87;90;88;91;73;99;95;87;86;92;91;86;90;94;85;89;101;82;99;85;94;95;81;101;96;96;91;103;94;94;92;95;78
141,5;97;73;88;102;97;90;68;92;86;69;80;70;85;77;82;86;75;67;78;100;73;96;83;72;91;85;96;80;78;91;87;79;86;104;83;97;93;75;97;67;92;75;98
142,0;77;79;89;85;74;82;73;99;89;99;80;92;93;76;83;77;93;73;95;78;109;87;78;93;79;83;95;93;85;81;70;74;87;81;86;84;83;87;91;78;78;99;83
142,5;92;92;93;84;85;73;79;72;73;80;79;96;83;83;70;63;83;76;65;87;94;81;85;77;88;93;74;83;85;82;72;84;88;82;87;74;79;93;83;86;91;97;83
143,0;66;90;84;81;85;83;73;72;67;68;71;85;81;79;82;62;90;95;64;81;88;68;82;84;81;87;71;84;85;84;72;86;86;89;85;89;80;83;83;82;83;96;77
143,5;90;55;77;68;81;86;87;79;74;82;91;82;74;72;58;87;69;84;68;84;86;71;84;81;88;87;85;94;76;82;85;86;81;76;98;73;84;83;80;81;89;87;77
144,0;82;74;84;70;92;88;70;74;71;68;81;80;82;77;82;82;73;75;67;72;75;61;75;73;65;61;92;86;76;72;89;92;71;74;88;78;69;70;66;86;86;85;69
144,5;74;58;65;68;74;56;65;56;61;71;89;74;63;78;68;71;76;65;62;62;80;68;79;72;72;74;75;68;82;64;88;74;82;70;69;78;73;70;45;74;78;64;64
145,0;75;84;79;65;79;80;66;66;63;69;67;67;87;71;63;59;71;86;56;64;59;91;99;69;86;72;84;66;62;72;83;75;70;70;82;90;88;64;79;67;66;85;81
145,5;74;69;46;71;59;81;76;56;71;64;65;73;81;72;73;88;79;61;54;69;63;61;64;62;56;74;65;67;68;66;63;49;74;67;66;80;80;67;61;75;65;84;70
146,0;69;68;50;62;59;73;55;75;75;65;65;70;58;78;69;72;51;57;63;63;66;72;77;85;64;76;65;71;67;71;73;72;64;58;59;58;68;61;63;52;70;72;86
146,5;60;60;88;73;73;59;74;68;61;56;72;73;60;64;59;69;77;67;72;56;63;77;59;70;73;63;57;72;61;60;62;73;71;57;60;77;70;63;70;57;69;70;80
147,0;63;65;45;51;54;61;75;64;57;61;66;49;66;82;57;64;82;61;72;58;68;60;57;62;60;61;69;47;61;73;72;55;54;66;73;65;69;56;73;65;76;59;69
147,5;74;54;51;46;64;65;58;69;44;81;69;56;62;58;66;58;65;63;58;54;74;63;61;75;80;46;60;63;59;56;61;58;61;61;56;65;63;57;59;73;71;57;60
148,0;63;70;67;58;65;55;54;65;55;60;57;58;64;58;58;57;60;53;59;56;58;53;60;55;70;70;61;59;71;69;61;64;68;55;68;71;64;59;68;58;59;76;53
148,5;54;57;60;63;61;59;67;38;60;48;61;53;68;59;64;60;51;63;58;49;60;73;49;65;62;68;60;66;52;56;55;53;60;59;64;79;61;48;54;63;60;50;56
149,0;53;50;51;54;54;59;56;56;77;54;48;43;62;57;59;53;51;56;54;61;50;54;48;68;73;59;43;55;49;52;58;55;62;66;49;65;54;57;62;49;64;71;67
149,5;51;60;57;60;54;54;64;49;62;45;56;69;38;69;49;48;62;53;58;56;54;44;59;55;58;60;45;49;67;61;62;54;59;47;54;55;63;62;63;56;60;62;61
150,0;47;58;48;52;55;51;60;56;58;47;49;48;43;63;49;72;46;51;43;46;41;55;58;64;48;53;64;50;50;52;65;50;51;50;62;39;50;55;41;63;66;49;62
150,5;52;56;53;55;62;55;56;44;52;54;51;54;57;46;59;49;52;60;55;57;46;51;55;54;58;47;53;59;68;69;62;65;54;63;52;48;61;47;46;52;68;54;57
151,0;48;31;50;47;55;66;53;43;32;48;48;53;60;38;55;46;51;59;47;49;49;42;43;55;44;51;60;47;48;54;52;51;50;51;46;43;56;54;46;43;53;55;52
151,5;58;50;58;53;47;55;40;43;57;48;40;42;38;46;47;45;57;55;33;46;54;60;63;54;43;45;58;42;46;51;42;40;63;59;45;53;52;39;52;39;51;47;37
152,0;38;54;49;64;49;41;51;45;52;49;41;33;55;45;51;40;55;41;48;47;49;47;50;50;44;44;52;37;33;51;33;60;46;44;60;55;45;46;40;39;47;72;43
152,5;38;44;42;41;46;42;48;44;34;49;38;45;58;46;51;49;47;39;45;42;42;57;45;46;48;45;53;46;38;47;36;49;50;38;37;49;50;60;47;33;41;54;46
153,0;47;43;49;49;38;52;36;51;38;48;42;50;45;43;42;46;46;33;50;42;40;41;48;62;40;48;50;39;45;40;40;53;56;40;48;49;45;44;49;25;37;47;47
153,5;43;42;31;57;49;46;45;42;42;40;43;37;39;62;40;41;47;48;42;48;46;48;37;38;35;45;42;50;37;56;50;48;38;48;39;39;47;51;37;41;39;45;44
154,0;40;29;38;47;50;47;36;26;40;45;41;47;44;42;42;34;50;37;40;51;54;40;39;42;45;30;46;41;44;37;33;32;37;35;41;52;33;50;39;38;31;40;39
154,5;38;60;43;37;46;44;27;39;32;29;39;51;43;45;36;43;36;49;47;48;46;59;36;44;35;33;34;42;49;44;37;39;48;46;59;37;46;42;33;37;42;43;55
155,0;24;37;48;42;44;43;47;39;54;38;43;40;52;30;37;36;42;50;30;38;29;45;34;35;34;29;42;39;40;37;27;21;35;49;33;40;37;40;36;40;42;41;39
155,5;36;30;43;31;38;45;39;38;40;42;40;43;42;43;42;40;30;43;43;36;32;37;35;43;50;35;39;40;35;35;34;40;40;39;37;41;36;35;46;38;50;42;41
156,0;32;31;26;44;39;29;31;34;31;41;32;25;41;35;34;36;35;38;40;30;41;39;42;37;43;33;40;43;25;37;33;47;31;34;36;31;38;39;33;29;44;35;44
156,5;31;35;42;37;40;28;43;39;39;32;44;44;32;40;37;22;27;42;35;33;32;35;28;41;23;37;35;43;48;33;27;31;33;35;33;37;43;28;29;45;26;31;28
157,0;37;38;35;32;35;35;43;45;29;33;39;36;28;34;36;39;40;26;30;30;40;29;46;29;41;25;34;35;41;45;42;35;43;35;43;38;32;35;25;30;37;46;33
157,5;38;41;36;39;30;35;30;47;33;25;33;26;26;30;32;36;41;36;30;24;36;27;38;31;22;36;39;30;30;29;32;25;26;38;27;31;44;29;38;33;28;33;44
158,0;21;25;38;24;23;36;28;24;35;33;26;38;31;29;20;35;30;21;40;26;45;33;39;22;40;33;32;26;27;29;30;33;31;31;26;30;34;43;32;43;33;32;28
158,5;37;32;36;37;39;35;29;27;30;23;27;36;27;32;37;25;39;19;29;35;41;27;27;30;36;23;36;35;36;48;35;32;31;46;30;32;32;27;35;32;34;25;35
159,0;35;22;26;23;28;25;33;34;38;32;24;25;27;24;30;24;27;27;41;34;22;18;21;20;23;36;26;33;32;30;40;27;30;31;30;47;30;31;33;23;33;37;25
159,5;28;26;40;20;23;37;39;23;24;27;23;35;23;29;22;32;27;20;38;22;23;23;28;23;36;23;22;24;25;28;16;39;22;25;34;29;27;36;25;25;25;38;29
160,0;27;29;23;24;29;25;28;32;17;23;28;26;22;27;28;29;32;24;20;30;30;29;26;18;31;24;27;33;27;23;29;27;29;28;28;24;28;27;25;22;21;38;30
160,5;19;33;31;18;23;37;27;25;20;26;24;26;25;27;20;20;29;21;29;31;26;31;28;25;22;25;33;28;26;22;32;20;22;21;30;27;32;18;26;16;26;29;13
161,0;29;26;27;28;29;25;32;26;33;29;32;18;21;19;31;28;25;25;28;22;22;23;28;27;25;16;27;36;28;23;28;31;25;22;28;26;26;23;16;30;31;22;28
161,5;28;18;19;33;30;25;21;31;34;21;17;22;22;32;21;21;32;25;25;16;35;20;20;24;26;29;21;23;23;23;28;24;34;17;20;21;25;21;33;21;25;35;18
162,0;25;26;15;17;30;22;34;20;15;15;26;21;24;18;15;20;26;29;24;30;19;30;23;16;24;27;21;20;18;26;34;31;31;31;26;29;21;20;23;24;26;29;32
162,5;26;25;21;22;22;24;17;21;30;23;26;25;22;24;19;14;22;25;18;24;22;20;28;21;20;32;32;22;21;22;33;20;28;29;24;16;21;30;28;22;29;28;29
163,0;19;15;21;17;28;20;30;17;20;24;23;25;17;21;19;30;21;22;20;23;22;20;17;19;22;30;15;24;12;15;29;26;21;20;15;19;29;27;20;25;22;14;24
163,5;22;24;16;31;14;20;21;14;20;26;17;22;30;17;25;23;15;27;24;29;20;22;27;26;26;19;19;22;20;25;20;22;26;30;19;19;18;22;18;17;22;25;28
164,0;26;26;21;22;19;13;26;19;21;28;11;23;15;20;24;22;18;14;18;25;20;14;25;23;19;25;19;30;19;20;23;29;22;29;21;24;15;17;29;24;21;20;13
164,5;22;18;29;16;20;24;18;14;13;17;21;21;24;19;19;23;21;29;21;20;23;19;23;28;25;15;25;14;22;20;21;26;19;23;23;23;20;22;18;26;25;23;17
165,0;19;18;21;24;19;20;20;16;18;19;19;17;24;17;15;18;17;16;17;20;21;18;16;26;19;24;20;12;23;14;20;11;15;19;24;16;22;20;25;17;14;22;11
165,5;20;20;21;18;18;20;13;21;18;22;21;22;23;15;23;17;19;15;17;20;13;22;20;19;14;31;23;16;21;32;13;14;26;18;21;14;16;24;17;18;17;20;12
166,0;17;9;19;11;14;21;11;14;15;16;26;15;21;16;10;9;20;18;23;15;13;25;17;16;28;18;16;20;16;20;12;21;19;17;17;20;16;19;16;16;10;18;18
166,5;19;18;22;24;15;20;12;16;20;15;13;17;21;12;17;13;12;11;17;23;18;23;16;23;21;14;15;21;11;16;21;19;23;21;14;15;11;14;14;24;19;15;11
167,0;20;14;15;17;29;16;14;13;24;19;22;12;16;16;22;21;19;8;13;12;18;10;12;16;14;16;11;15;20;22;16;22;15;14;11;19;18;12;26;23;14;25;12
167,5;18;9;19;20;13;17;15;13;15;20;17;17;13;10;15;17;20;20;19;17;19;14;17;17;20;8;13;16;23;16;12;21;15;20;16;19;17;14;15;18;19;24;19
168,0;18;19;11;13;21;9;17;15;11;13;7;14;18;17;13;15;20;14;19;14;22;15;15;9;11;16;12;10;11;11;16;15;18;17;17;21;16;13;17;16;14;19;12
168,5;17;14;11;12;10;13;10;8;10;15;11;15;10;18;4;20;13;13;18;12;25;8;13;15;13;14;14;16;20;9;16;16;17;12;8;10;18;16;11;15;21;12;16
169,0;11;13;12;16;7;18;10;13;15;17;9;9;15;20;11;15;14;12;18;14;10;10;14;15;10;10;12;16;17;11;14;14;13;21;12;22;12;16;16;16;14;6;8
169,5;10;7;7;13;19;9;16;16;15;10;10;15;12;15;14;11;13;12;15;12;17;15;18;12;9;12;18;15;15;15;14;10;8;15;12;13;20;10;12;10;18;13;12
170,0;13;11;17;9;21;21;15;10;9;7;19;15;26;9;12;8;14;13;6;16;12;8;8;13;8;12;16;13;8;12;10;19;14;12;9;14;7;11;7;7;14;13;8
170,5;14;17;9;8;14;13;12;14;13;10;14;12;15;14;19;12;10;12;7;13;12;14;15;20;11;10;18;16;17;14;17;15;13;11;9;12;8;11;12;10;10;16;11
171,0;18;17;6;11;14;18;9;11;8;7;12;11;9;8;10;11;10;13;16;10;7;13;10;8;10;12;14;16;14;8;10;19;14;10;10;9;13;16;15;18;12;10;8
171,5;10;13;11;11;10;16;12;13;9;8;12;14;18;7;9;6;12;12;10;12;9;15;19;10;8;9;18;12;10;18;9;8;11;10;10;10;13;8;7;8;9;9;17
172,0;8;11;15;11;12;8;10;9;7;11;12;9;11;8;9;12;14;16;6;6;12;19;13;6;10;4;16;8;8;19;9;20;17;18;14;12;8;11;18;11;11;8;8
172,5;19;9;12;11;15;14;8;8;10;7;10;6;11;14;17;12;8;9;12;16;10;11;11;8;13;9;9;9;9;14;12;15;6;8;10;12;14;13;8;13;13;14;13
173,0;11;10;12;5;9;11;4;13;13;11;6;14;7;11;9;11;6;6;9;14;11;7;13;7;7;6;11;6;8;9;10;6;9;13;4;13;12;16;13;9;9;7;6
173,5;11;7;8;8;14;13;6;11;7;11;8;11;9;13;6;7;8;10;9;9;11;11;8;7;24;10;8;8;9;5;7;8;9;7;10;8;8;5;11;11;16;8;17
174,0;4;11;6;11;7;6;7;6;4;4;11;8;9;7;9;11;11;5;10;10;7;6;5;8;8;9;16;11;11;5;14;12;9;9;10;6;7;3;13;9;6;10;5
174,5;8;10;11;9;9;6;9;7;12;6;12;12;8;10;6;9;9;8;8;12;13;7;9;11;13;8;4;10;4;10;11;8;7;7;12;9;14;6;7;15;8;9;11
175,0;4;12;7;10;9;9;13;9;14;10;8;5;4;14;8;5;6;13;7;11;8;10;5;11;7;7;10;8;5;7;7;14;11;10;5;5;3;6;14;8;13;8;6
175,5;9;7;7;8;8;7;8;11;6;11;10;9;11;6;11;4;7;10;10;10;16;10;7;12;11;7;8;8;3;6;10;7;13;7;9;3;8;7;12;7;10;9;8
176,0;8;14;8;9;5;7;6;5;7;8;6;9;6;9;2;8;8;7;8;7;4;13;9;8;5;4;4;10;8;8;7;8;4;9;3;6;8;10;8;8;11;6;9
176,5;9;3;5;12;3;6;5;7;14;2;5;6;5;5;6;9;7;7;2;5;5;8;7;10;7;7;11;4;8;6;13;6;10;9;5;4;8;6;10;2;9;9;6
177,0;7;5;9;9;3;1;4;6;11;8;9;5;7;10;7;6;9;7;4;8;3;5;7;4;6;5;3;8;6;7;5;6;13;5;4;3;6;5;7;4;6;8;6
177,5;5;8;4;7;6;9;7;4;7;10;6;7;7;8;8;9;5;6;2;3;7;4;11;9;9;4;6;5;7;8;8;8;10;6;8;1;5;7;5;12;10;11;8
178,0;8;1;9;9;6;10;7;6;2;5;8;9;5;4;10;8;4;11;5;9;6;1;6;3;6;8;5;6;12;12;3;6;2;5;3;3;6;6;6;6;4;10;9
178,5;5;6;6;9;14;6;7;11;4;5;4;2;3;13;4;6;4;4;2;1;6;2;10;7;4;3;8;6;7;8;5;7;6;5;7;7;7;11;5;7;7;3;2
179,0;3;6;3;9;4;1;1;8;8;4;5;10;7;8;5;7;4;5;7;4;8;5;5;6;3;8;1;8;5;3;5;1;7;2;6;6;7;8;5;3;5;5;6
179,5;5;5;8;5;6;7;4;8;5;5;2;6;2;6;11;5;5;10;4;4;6;5;6;9;8;9;5;5;6;7;10;7;9;6;3;11;0;8;2;2;2;5;8
180,0;5;6;6;5;3;2;7;6;3;1;6;4;6;4;7;5;7;4;3;1;3;5;1;5;6;9;5;6;3;4;6;6;5;4;5;6;6;4;6;7;10;7;2
180,5;6;5;4;4;1;6;4;1;3;4;1;5;7;9;8;6;9;5;4;5;1;6;2;6;5;4;6;3;7;1;6;5;2;6;9;4;5;1;2;4;7;8;9
181,0;3;3;5;2;2;5;3;5;2;5;4;2;8;4;3;4;3;3;8;5;9;0;5;8;4;5;6;3;2;2;5;5;4;5;8;5;3;9;4;3;4;5;6
181,5;4;6;2;2;9;1;4;9;3;4;3;3;4;2;4;3;6;7;7;2;6;4;4;7;1;1;7;2;9;4;3;5;6;0;4;3;5;7;3;8;2;3;2
182,0;8;3;2;1;4;6;5;5;5;5;3;3;4;6;4;5;4;6;2;7;0;8;5;3;6;3;6;2;5;7;8;3;4;2;4;1;5;5;2;4;5;8;3
182,5;3;3;6;3;3;2;3;4;2;5;3;2;6;5;2;5;5;2;2;6;3;6;7;3;3;1;6;10;6;10;6;4;2;3;5;8;1;3;4;4;3;6;3
183,0;4;4;2;2;2;3;3;3;5;3;1;4;4;4;3;2;8;4;2;6;1;6;5;3;4;3;2;5;5;7;3;7;6;7;3;4;5;4;3;4;7;2;2
183,5;8;3;1;3;2;4;4;3;2;2;7;5;3;4;5;5;5;2;4;3;3;3;3;4;11;1;4;3;5;5;4;5;5;5;9;5;4;8;1;4;2;4;5
184,0;2;1;7;1;4;4;7;2;2;3;3;2;3;3;2;1;2;2;5;3;3;1;3;4;1;4;1;4;3;8;0;1;6;4;5;1;5;5;4;4;4;3;8
184,5;1;4;2;3;4;3;3;3;2;4;2;2;4;4;2;2;2;0;5;6;2;6;0;2;3;2;2;1;4;4;4;6;5;5;5;1;5;2;1;0;5;1;3
185,0;1;3;2;3;2;2;7;2;3;4;8;3;2;5;7;2;3;5;5;5;3;2;1;4;3;5;8;3;2;2;5;2;2;3;4;2;3;3;3;5;2;0;1
185,5;2;1;3;2;4;2;8;3;4;3;3;6;5;2;0;1;0;4;2;3;4;3;4;4;1;1;2;3;1;2;2;5;1;3;3;5;4;0;4;1;4;6;3
186,0;4;3;3;2;5;2;2;0;4;5;5;1;2;2;2;4;3;3;1;3;0;3;2;3;2;4;0;2;3;2;4;2;0;2;4;3;3;5;3;2;2;0;4
186,5;3;2;3;0;2;3;1;1;2;5;3;2;4;6;4;2;2;3;2;0;2;1;3;1;5;2;5;1;3;4;2;1;1;1;1;1;2;3;3;4;3;4;4
187,0;2;0;5;3;3;6;4;0;3;3;3;1;2;3;3;2;0;5;6;5;0;1;0;3;4;3;4;2;2;3;2;2;1;2;5;2;4;3;2;2;3;2;3
187,5;3;2;2;2;5;0;2;1;1;2;1;0;1;2;2;4;2;1;2;3;1;0;4;5;3;3;7;1;2;2;2;2;4;1;3;5;4;1;4;1;2;4;2
188,0;2;2;2;2;3;1;5;1;2;4;3;3;4;1;2;1;1;1;5;2;1;2;2;4;3;1;4;2;2;1;2;2;5;1;2;4;0;2;1;1;1;2;2
188,5;2;1;3;2;1;1;2;3;1;2;1;2;1;3;1;1;3;1;1;1;2;3;1;2;0;3;3;3;1;0;0;1;2;1;1;0;1;2;2;3;1;4;2
189,0;2;5;2;1;0;1;2;1;0;3;1;0;1;4;2;1;5;0;4;1;0;2;3;2;0;2;1;5;3;3;3;0;1;1;1;3;1;0;0;1;3;2;1
189,5;0;3;4;2;3;0;2;4;1;3;1;3;1;4;2;5;1;1;3;2;0;1;3;2;0;0;2;2;2;2;1;2;0;4;3;4;1;5;2;0;1;1;2
190,0;1;0;0;3;1;0;2;1;3;1;1;0;1;3;1;0;0;1;1;0;2;3;1;1;0;1;0;3;1;1;0;2;1;2;2;0;2;4;1;2;4;2;2
190,5;3;1;0;1;1;1;2;3;1;3;2;3;0;1;2;2;2;1;1;2;3;0;1;3;1;2;2;1;1;1;3;0;2;1;3;0;1;2;3;1;4;2;3
191,0;2;2;0;1;0;2;1;3;1;3;1;1;3;1;2;1;0;1;3;2;0;3;2;3;3;2;3;3;3;0;3;1;1;0;1;1;3;3;3;0;1;2;1
191,5;0;0;4;2;2;0;3;1;1;2;2;3;4;1;1;2;1;1;1;1;1;0;2;0;6;3;3;2;0;3;0;1;2;3;2;0;2;4;1;0;3;7;1
192,0;0;1;5;4;0;2;1;0;1;0;1;1;0;0;3;2;2;2;1;3;2;2;1;2;1;3;1;1;1;5;4;0;0;0;1;1;2;1;0;1;2;2;0
192,5;2;0;0;1;1;1;1;2;3;2;0;1;0;1;2;1;2;2;2;4;3;1;2;3;0;2;1;5;0;3;0;1;1;1;1;4;1;2;1;0;1;2;2
193,0;0;0;0;1;1;2;1;1;1;3;1;2;1;1;2;1;2;1;1;2;0;1;1;1;1;2;2;1;0;2;0;2;1;2;0;7;2;0;1;2;0;0;1
193,5;0;0;4;0;1;0;3;1;3;0;0;0;1;2;0;0;0;3;0;1;1;0;1;1;1;0;3;0;2;0;0;0;1;5;3;3;0;3;3;0;0;0;1
194,0;2;2;0;0;2;3;0;2;0;2;1;1;0;0;2;1;1;4;3;1;0;1;4;0;1;1;1;0;3;2;1;3;4;1;3;0;0;4;0;2;3;1;0
194,5;0;2;2;1;1;2;3;2;0;1;0;1;1;0;1;1;1;0;1;2;1;0;0;1;3;1;1;2;2;2;2;1;1;0;3;0;1;1;1;2;2;0;0
195,0;3;1;2;0;2;1;2;0;0;1;1;0;0;0;2;1;1;0;0;1;0;2;2;1;0;2;0;2;1;1;1;0;0;1;1;1;0;2;3;2;2;1;2
195,5;1;0;0;0;0;1;1;1;0;0;2;2;2;1;1;3;0;0;1;1;0;0;3;1;0;0;1;0;2;0;2;0;0;2;1;2;1;3;1;1;1;2;0
196,0;2;0;1;0;0;2;1;1;0;2;0;2;1;1;0;2;0;0;0;0;2;1;1;0;0;0;0;1;0;1;0;0;0;0;3;1;3;2;0;1;2;2;0
196,5;2;1;1;1;1;2;3;0;0;1;2;0;1;0;1;0;2;2;1;0;0;1;0;0;2;0;0;0;2;1;0;2;0;0;2;1;2;3;2;0;3;1;0
197,0;1;1;0;0;0;1;0;0;1;1;1;3;0;1;1;0;0;0;0;2;2;0;0;1;0;0;0;2;0;0;0;0;1;2;1;0;1;0;0;1;0;0;1
197,5;0;0;2;1;0;0;0;0;0;4;0;2;0;1;2;3;1;1;1;0;2;0;2;1;0;2;2;0;0;1;0;2;0;1;1;0;2;0;2;1;0;1;1
198,0;1;3;1;0;0;1;0;0;2;1;1;0;0;0;1;0;1;0;0;0;0;0;1;0;0;2;2;1;1;1;0;3;0;1;0;1;0;0;2;4;2;0;0
198,5;2;0;1;3;0;2;0;0;1;1;3;0;1;0;2;1;0;1;0;1;0;0;0;1;0;2;0;0;1;1;2;0;1;0;0;4;2;2;2;1;3;1;2
199,0;0;0;1;1;0;0;0;1;1;0;0;1;0;0;0;0;0;1;0;1;1;0;1;0;0;2;0;0;0;3;1;0;0;1;3;0;1;0;2;0;0;1;2
199,5;2;0;0;0;0;1;1;1;0;1;0;0;1;0;1;1;1;1;0;0;0;1;2;1;0;2;1;0;2;0;0;1;0;4;0;1;1;2;1;0;0;0;2
200,0;2;0;0;2;1;0;1;0;1;0;2;2;0;0;2;0;0;2;4;0;2;0;0;0;0;0;1;1;0;1;2;1;0;0;3;0;0;0;0;2;1;1;0
200,5;1;1;0;3;0;0;1;0;0;0;3;2;1;0;0;0;3;0;0;0;1;0;0;0;0;0;0;2;0;1;1;0;0;1;2;0;0;0;0;1;1;0;0
201,0;0;3;0;0;1;2;0;0;1;0;0;1;0;0;0;0;0;0;1;1;0;0;0;0;1;0;0;2;0;1;0;1;0;0;1;0;0;1;0;0;1;1;1
201,5;0;0;0;0;0;1;0;0;0;1;0;0;1;0;0;0;0;0;0;0;0;2;3;0;0;1;0;0;0;1;0;1;1;0;1;1;3;0;0;0;1;0;2
202,0;0;0;1;1;0;0;2;2;1;0;2;0;0;0;0;0;0;0;0;0;1;1;1;1;0;0;1;0;1;1;1;1;0;0;1;2;0;0;0;1;0;0;1
202,5;2;0;0;0;0;0;1;0;1;0;1;1;1;0;0;1;1;0;0;1;0;0;0;0;0;0;1;0;0;1;1;0;1;0;4;0;0;1;1;1;0;1;1
203,0;0;1;0;1;1;1;1;1;0;0;1;1;1;1;1;0;0;0;1;0;0;1;1;0;2;0;0;0;1;0;1;0;1;0;0;0;0;0;0;0;1;0;0
203,5;0;0;2;0;0;1;0;2;1;2;1;0;2;2;1;0;0;0;0;0;0;1;1;0;1;0;0;0;2;2;1;1;1;0;0;0;1;1;1;0;0;0;1
204,0;0;0;0;0;0;0;0;0;2;0;1;0;0;1;0;3;1;1;0;1;0;1;0;0;0;1;0;0;0;0;0;2;1;0;0;0;0;0;0;0;0;0;1
204,5;0;1;0;1;0;0;0;0;1;0;1;1;0;1;0;1;1;0;1;2;0;2;0;0;0;0;1;1;0;0;0;0;1;0;0;0;0;1;0;0;0;0;0
205,0;0;1;1;0;0;0;2;0;0;0;0;1;0;0;0;0;0;0;0;0;0;0;0;0;0;0;0;0;1;0;0;0;0;0;2;1;0;1;0;1;0;0;1
205,5;1;0;0;0;1;0;0;1;2;1;0;1;1;0;0;0;0;0;0;1;1;0;0;0;2;0;0;1;0;0;0;0;0;0;0;0;0;1;0;1;0;0;0
206,0;0;1;1;0;1;0;0;1;1;0;0;1;1;1;1;0;0;1;1;0;0;1;0;0;0;0;0;0;0;0;0;0;1;0;0;0;0;1;0;0;0;0;0
206,5;0;0;0;0;0;2;1;0;0;2;0;0;1;1;0;1;0;0;0;0;0;0;1;1;1;0;0;0;1;1;0;2;0;1;2;0;0;0;1;0;0;0;0
207,0;0;0;0;0;0;0;0;0;0;0;2;0;0;2;0;1;0;1;0;0;1;1;0;0;0;0;1;0;0;1;0;0;0;0;1;1;1;1;0;0;1;0;0
207,5;3;1;0;0;1;0;0;0;0;0;0;0;0;1;0;0;0;1;0;0;0;0;0;0;0;1;0;0;0;0;0;0;0;0;0;0;0;0;0;1;0;0;0
208,0;0;0;0;1;1;2;0;0;0;0;0;0;0;0;1;0;1;0;1;1;0;0;0;0;0;0;0;0;0;0;0;0;0;0;0;0;1;3;0;0;1;0;0
208,5;0;2;0;0;0;0;0;0;0;0;1;0;0;0;0;0;1;0;1;0;0;0;0;0;0;0;0;0;0;0;0;0;0;1;0;0;1;1;0;0;0;0;0
209,0;0;0;0;0;0;0;1;0;1;0;0;0;0;1;0;0;0;0;1;0;0;2;0;0;0;0;1;0;1;0;1;0;0;0;0;0;0;0;0;0;0;0;1
209,5;1;0;0;0;0;0;0;0;2;0;0;0;0;2;0;0;1;2;0;0;0;0;0;0;1;0;0;0;0;0;1;0;0;1;0;0;0;0;0;0;0;1;0
210,0;2;1;0;0;1;0;0;0;0;0;0;0;0;0;1;0;0;0;0;0;0;1;0;0;0;0;0;2;1;0;1;0;0;1;1;0;1;0;1;0;0;0;0
210,5;0;0;0;0;0;2;0;0;0;0;0;1;0;0;0;0;0;0;0;0;1;0;1;0;0;0;0;0;0;0;0;0;0;0;0;2;1;0;0;0;0;0;0
211,0;0;1;1;1;0;0;1;0;0;0;0;0;0;2;1;2;0;0;1;0;0;1;0;0;1;2;0;1;0;1;0;1;1;0;1;1;0;0;1;0;0;0;1
211,5;0;0;1;0;0;1;1;0;0;0;0;0;1;1;0;0;0;0;0;1;0;0;0;0;0;0;0;1;0;1;0;0;1;1;0;0;0;0;0;0;0;0;1
212,0;0;0;1;0;0;0;1;0;0;0;0;0;0;0;0;0;0;0;0;0;0;0;0;0;0;0;0;0;0;0;0;0;0;2;0;0;0;0;0;0;0;0;0
212,5;0;0;0;0;0;0;0;0;0;0;0;0;0;0;0;0;0;1;0;0;0;0;0;0;0;0;0;0;0;1;0;0;1;0;0;0;0;0;0;0;0;1;0
213,0;0;0;0;1;0;1;0;0;0;0;0;1;0;0;0;1;0;0;0;1;0;0;0;0;0;0;0;0;0;1;0;0;0;0;0;0;0;0;0;0;0;0;0
213,5;0;0;0;0;1;0;0;0;0;0;0;0;0;0;0;0;0;0;0;0;0;1;0;0;0;0;0;0;0;1;0;0;0;0;1;1;0;0;0;0;0;0;0
214,0;0;0;0;0;0;0;0;0;0;0;0;0;0;1;0;0;0;0;0;0;0;0;0;1;0;0;0;0;1;0;0;0;0;0;0;0;0;0;0;0;0;1;0
214,5;0;1;0;0;0;0;0;0;0;0;0;0;0;0;0;0;0;0;0;0;0;0;0;0;1;0;0;0;0;0;0;0;1;0;0;0;0;0;0;3;0;0;0
215,0;0;1;0;0;0;0;0;0;0;0;0;0;0;0;0;0;0;0;0;0;0;0;0;0;0;0;0;0;0;0;0;1;0;0;0;0;0;0;1;0;0;0;0
215,5;0;0;0;0;0;0;0;0;1;0;0;0;0;0;0;0;0;0;1;0;0;0;0;0;1;0;0;1;1;0;0;0;0;0;0;0;0;0;0;0;0;0;1
216,0;0;0;0;0;0;0;0;1;0;0;0;1;0;0;1;0;0;0;0;0;0;0;0;0;0;0;0;1;0;0;0;0;0;0;0;0;0;0;0;0;0;0;0
216,5;1;0;0;0;1;0;0;0;0;0;0;0;0;0;0;0;0;0;0;1;0;0;0;0;0;0;0;0;0;0;0;0;0;0;0;0;1;0;0;0;0;0;1
217,0;0;0;0;1;0;1;0;0;0;0;0;0;0;0;0;0;1;0;1;0;0;0;0;0;0;0;0;0;1;1;1;0;0;0;1;0;0;0;0;0;0;2;0
217,5;0;1;0;0;0;0;0;0;1;0;0;0;0;0;0;0;1;0;0;0;0;0;0;0;0;0;0;0;1;0;1;0;0;0;0;0;0;0;0;0;1;0;0
218,0;1;0;0;0;0;0;0;0;0;0;0;0;0;1;0;0;0;0;0;0;0;0;0;1;1;0;0;1;1;0;0;0;0;1;0;0;0;0;0;0;0;0;0
218,5;0;0;2;0;0;0;0;0;0;0;0;1;0;0;1;0;0;0;0;0;0;0;0;0;0;0;0;0;0;0;0;0;0;0;0;0;0;0;0;0;0;0;0
219,0;2;0;0;0;1;0;0;0;0;0;0;0;0;0;0;0;1;0;0;1;0;0;0;0;0;1;0;0;0;0;0;0;0;0;0;0;0;0;0;0;0;0;0
219,5;0;0;0;0;0;1;0;0;0;0;0;0;1;0;0;0;0;0;0;1;0;1;0;0;0;0;0;0;0;0;1;1;0;0;0;0;0;0;0;0;0;1;0
220,0;1;0;0;0;0;0;0;0;0;0;0;0;0;0;0;0;0;0;0;0;0;0;0;0;0;0;0;0;0;0;0;0;0;1;0;0;0;0;0;0;0;0;0
220,5;1;0;0;1;0;0;0;0;0;0;0;0;0;0;0;0;1;0;0;0;0;0;0;0;0;0;0;0;0;0;0;0;0;0;1;0;1;0;0;0;0;0;0
221,0;1;0;0;0;0;0;0;0;0;0;0;0;0;0;0;0;0;1;0;0;0;0;0;0;0;0;0;0;0;0;0;0;0;0;0;0;1;1;1;0;0;0;0
221,5;0;0;0;0;1;0;0;0;0;0;0;0;0;0;0;0;0;0;0;1;0;0;0;0;0;0;0;0;0;0;0;0;1;0;0;0;0;1;0;0;0;0;1
222,0;0;2;0;0;0;0;0;0;0;0;0;0;0;1;0;0;0;0;0;0;0;0;0;1;0;0;0;0;0;0;0;0;0;0;0;0;0;0;0;0;0;0;1
222,5;0;0;0;0;0;0;0;0;0;0;0;1;0;0;0;1;0;0;0;0;0;0;0;0;0;0;0;0;1;0;0;0;0;0;0;0;0;0;0;0;0;0;0
223,0;0;0;0;0;0;0;0;1;0;0;0;0;0;1;0;0;0;0;0;0;0;0;0;0;0;0;0;1;0;0;0;0;1;0;0;0;1;0;1;1;0;0;0
223,5;0;0;0;0;0;0;0;1;0;0;0;0;0;0;1;0;0;0;0;0;0;0;0;0;0;2;0;0;0;0;1;0;0;0;0;0;0;0;0;0;0;0;0
224,0;0;0;0;0;0;0;0;0;0;0;0;0;0;0;0;0;0;0;0;0;0;0;0;0;0;0;0;0;0;0;0;0;1;0;0;0;0;1;0;0;0;0;0
224,5;0;2;0;0;0;0;0;0;0;0;1;0;0;0;0;1;0;0;0;0;0;0;0;0;0;0;0;0;0;0;0;0;0;0;0;0;0;0;0;0;0;0;0
225,0;0;1;0;0;0;1;0;0;0;0;0;0;0;0;0;0;1;0;0;0;0;0;0;0;0;0;0;0;0;0;0;0;0;0;0;0;0;1;0;0;0;1;0
225,5;0;0;0;0;0;1;0;0;0;0;0;0;0;0;1;0;0;0;0;0;0;0;0;0;0;0;1;0;0;0;0;0;0;0;0;0;0;0;0;0;0;0;0
226,0;0;0;0;0;0;0;0;0;0;0;0;0;0;0;0;0;0;0;0;0;0;0;0;0;0;0;0;0;0;0;0;0;0;0;0;0;0;0;1;0;0;0;0
226,5;0;0;0;1;0;0;0;0;0;0;0;0;0;0;2;0;0;0;0;0;0;0;0;0;0;0;1;1;0;0;0;0;1;1;0;1;1;0;1;0;0;0;0
227,0;0;1;0;0;0;0;0;0;0;0;0;1;0;0;0;0;0;0;0;0;0;0;0;1;0;0;0;0;0;0;0;0;0;0;0;0;0;0;0;0;0;0;0
227,5;0;0;0;0;0;0;0;0;0;0;0;0;0;0;0;0;0;1;0;0;0;0;0;0;0;0;0;0;0;0;0;0;0;0;0;0;0;0;0;0;0;0;0
228,0;0;1;0;0;0;0;1;0;0;0;0;0;0;0;0;0;0;0;0;0;0;0;0;0;1;0;0;0;0;0;0;0;1;0;0;0;0;0;0;0;0;0;0
228,5;0;1;0;0;0;0;2;0;0;0;0;0;0;0;1;0;0;0;0;0;0;0;0;0;1;0;0;0;1;0;0;1;0;0;0;0;0;0;0;1;0;0;0
229,0;0;0;0;1;0;0;0;0;0;0;0;0;0;0;0;0;0;0;0;0;0;0;0;0;1;0;0;0;0;0;0;0;0;0;0;0;0;0;0;0;0;0;0
229,5;0;1;0;0;0;0;0;0;0;0;0;1;0;0;0;0;0;0;0;1;0;0;0;0;0;0;0;0;0;0;0;1;0;0;0;0;0;0;0;0;0;0;0
230,0;0;0;0;1;0;0;0;0;0;0;0;1;0;0;0;0;2;0;0;0;0;0;0;0;0;0;0;0;0;0;0;0;0;0;0;0;0;0;0;0;0;0;0
230,5;0;0;0;0;0;0;0;0;0;1;0;0;0;0;0;0;0;0;0;0;0;0;0;0;0;0;0;0;0;0;0;0;0;0;0;0;0;0;0;0;0;0;0
231,0;0;0;0;0;0;0;0;0;0;0;1;0;0;0;0;0;0;0;0;0;0;1;1;0;0;0;0;0;0;0;0;0;0;0;0;0;0;1;0;0;0;0;0
231,5;0;1;0;0;1;0;0;1;0;0;1;0;1;0;0;0;0;0;1;0;0;0;0;0;0;0;0;0;0;0;0;0;0;0;0;1;1;0;0;0;1;0;0
232,0;0;0;0;0;0;0;0;0;0;0;0;0;0;0;0;0;0;0;0;0;0;1;0;0;0;0;0;0;0;0;0;0;0;0;0;0;0;0;0;1;0;0;0
232,5;0;0;0;0;0;0;1;0;0;0;0;0;0;0;0;1;0;0;0;0;0;0;0;0;0;0;0;0;0;0;0;0;0;0;0;0;0;0;0;0;0;0;0
233,0;1;0;0;0;0;0;0;0;0;0;0;0;0;0;0;1;0;0;0;0;0;0;0;0;1;0;0;0;0;0;0;0;0;0;0;0;0;0;0;0;0;0;0
233,5;0;0;0;0;0;0;0;0;0;0;0;0;0;0;0;0;0;0;0;0;0;1;0;0;0;0;0;0;0;0;0;0;1;0;0;0;0;0;0;0;0;0;0
234,0;0;0;0;0;0;0;0;0;0;0;0;0;0;0;0;0;0;0;0;0;1;0;0;0;0;0;0;1;0;0;0;1;0;0;1;0;0;0;0;0;0;0;0
234,5;0;1;0;0;0;0;0;0;0;0;0;0;0;0;0;1;0;0;0;1;1;0;0;0;0;0;0;0;1;0;0;0;0;0;0;0;0;0;0;0;0;0;0
235,0;0;0;0;0;0;0;0;0;0;0;0;0;0;0;1;0;0;0;0;0;1;0;0;0;0;0;0;1;0;0;1;0;0;0;0;0;0;0;0;0;0;0;0
235,5;0;0;0;0;0;0;0;0;0;0;0;0;0;0;0;0;0;0;0;0;0;0;0;0;0;0;0;0;0;0;0;0;0;1;0;0;0;0;0;0;0;0;0
236,0;0;0;0;0;0;0;0;0;0;0;0;0;0;0;0;0;0;0;0;0;0;0;0;0;0;0;0;0;0;0;0;0;0;0;0;0;0;0;0;0;0;0;0
236,5;0;1;0;0;0;0;0;0;0;0;0;0;0;0;0;1;0;0;0;0;0;1;0;0;0;0;0;0;1;0;0;0;0;0;0;0;1;0;0;0;0;0;0
237,0;0;0;0;0;0;0;0;0;0;1;0;0;1;0;1;0;0;0;0;0;0;0;0;0;0;0;0;0;0;1;0;0;0;0;0;0;0;0;0;0;0;0;0
237,5;0;0;0;0;0;0;0;0;0;0;0;0;0;0;0;0;0;0;0;0;0;0;0;0;0;0;0;0;0;0;0;0;0;0;0;0;0;0;0;0;0;0;0
238,0;0;0;0;0;0;0;0;0;0;0;0;0;0;0;0;0;0;0;0;1;0;1;0;0;0;0;0;0;0;0;1;0;0;0;0;0;0;0;0;0;0;0;0
238,5;0;0;0;0;0;0;0;0;0;0;0;0;0;0;0;0;0;0;0;0;0;0;0;1;0;0;0;1;0;1;0;0;0;0;0;0;0;0;0;0;0;0;0
239,0;0;0;0;0;0;0;0;0;0;0;0;0;0;0;0;0;0;0;0;0;0;0;0;0;0;0;0;0;0;0;0;0;0;0;0;0;0;0;0;0;0;0;0
239,5;0;0;0;0;0;0;0;0;0;0;0;0;0;0;0;0;0;0;0;0;0;0;0;0;1;0;0;0;0;0;0;0;0;0;0;0;0;0;0;0;0;0;0
240,0;0;0;0;0;0;0;0;0;0;0;0;0;0;0;0;0;0;0;0;0;0;0;0;0;0;0;0;0;0;0;1;0;0;0;0;0;0;0;0;0;0;0;0
240,5;0;0;0;0;0;0;0;0;0;0;0;0;0;0;0;0;0;0;0;0;0;0;0;0;0;1;0;0;0;0;0;0;0;0;0;0;0;0;0;0;0;1;0
241,0;0;0;0;0;1;0;0;0;0;0;1;1;0;0;0;0;0;0;0;0;0;0;0;0;0;0;0;1;0;0;0;0;0;1;0;0;0;0;0;0;0;0;0
241,5;0;0;0;0;0;0;0;0;0;0;0;0;0;0;0;0;0;0;0;0;0;0;0;0;0;0;0;0;1;0;0;0;0;0;0;0;0;0;0;0;0;0;0
242,0;0;0;0;0;0;0;0;0;1;0;0;0;0;0;0;0;0;0;0;0;0;0;0;0;0;0;0;0;0;1;0;0;0;0;0;0;0;0;0;0;0;0;0
242,5;0;0;0;0;0;0;0;0;0;0;0;0;0;0;0;0;0;0;0;0;0;0;0;0;0;0;0;0;0;0;0;0;0;1;0;0;1;0;0;0;0;0;0
243,0;0;0;0;0;0;0;0;0;0;0;0;0;0;0;0;0;0;0;0;0;0;0;0;0;0;0;0;1;0;0;0;0;0;0;0;0;1;0;1;0;0;0;0
243,5;0;0;0;0;0;0;0;0;0;0;0;0;0;0;0;0;0;0;0;0;0;0;0;0;1;0;0;0;0;0;0;0;0;0;0;0;0;0;0;0;0;0;0
244,0;0;1;0;0;0;0;0;0;0;0;0;0;0;0;0;0;0;0;0;0;0;0;0;0;0;0;0;0;0;0;0;0;0;0;0;0;0;0;0;0;0;0;0
244,5;0;0;0;0;0;0;0;0;0;0;0;0;0;0;0;0;0;0;0;0;0;0;1;0;0;0;0;0;0;0;0;0;0;0;0;0;0;0;0;0;0;0;0
245,0;0;0;0;0;0;0;0;0;0;0;0;1;0;0;0;0;0;0;0;0;0;0;0;0;0;0;0;0;0;0;0;0;1;1;0;0;0;0;0;0;1;0;0
245,5;0;0;0;0;0;0;0;0;0;0;0;0;0;0;0;0;0;0;0;0;0;0;0;0;0;0;0;0;0;0;0;0;0;0;0;0;0;1;0;0;0;0;0
246,0;0;0;0;0;0;0;0;0;0;0;0;0;0;0;0;0;0;0;0;0;0;0;0;0;0;0;0;0;0;0;0;1;0;0;0;0;0;0;0;0;0;0;0
246,5;0;0;1;0;0;0;0;0;0;0;0;0;0;0;0;0;0;0;0;0;0;0;0;0;0;0;0;0;0;0;0;0;0;0;0;0;0;0;0;0;0;0;0
247,0;0;0;0;0;0;0;0;0;0;0;0;0;0;0;0;0;0;0;0;0;1;0;0;0;0;0;0;0;0;0;0;0;0;0;0;0;0;0;0;0;0;0;0
247,5;0;0;0;0;0;0;0;0;0;0;0;0;0;0;0;0;0;0;0;0;0;0;0;0;0;0;0;0;0;0;0;0;0;0;0;0;0;0;0;0;0;0;0
248,0;0;0;0;0;0;0;0;0;0;0;0;0;0;1;0;0;0;0;0;0;0;0;0;0;0;0;0;0;0;0;0;0;0;0;0;0;0;0;0;0;0;0;0
248,5;0;0;1;0;0;0;0;0;0;0;1;0;0;1;0;0;0;0;0;0;0;0;0;0;0;0;0;0;0;0;0;0;0;0;0;0;0;0;0;0;0;0;0
249,0;0;0;0;1;0;0;0;0;0;0;0;0;0;0;0;0;0;0;0;0;0;0;0;0;0;0;0;0;0;0;0;0;0;0;0;0;0;0;0;0;0;0;0
249,5;0;1;0;0;0;0;0;0;0;0;0;0;0;0;0;0;0;0;0;0;0;0;0;0;0;0;0;0;0;0;0;0;0;0;0;0;0;0;0;0;0;0;0
250,0;0;0;0;0;0;0;0;0;0;0;0;0;0;0;1;0;0;0;0;0;0;0;0;0;0;0;0;0;0;0;0;0;1;0;0;0;0;0;0;0;0;0;0
