<<PMCA SPECTRUM>>
TAG - Test
DESCRIPTION - ATOMKI MCA Record
GAIN - 4
THRESHOLD - 40
LIVE_MODE - 0
PRESET_TIME - 86400
LIVE_TIME - 1069
REAL_TIME - 1073
START_TIME - 09/19/2019 11:05:18
SERIAL_NUMBER - 0
<<CALIBRATION>>
LABEL - keV
<<ROI>>
202 206
1079 1083
157 161
825 830
223 226
178 183
<<DATA>>
0
0
0
0
0
0
0
0
0
0
0
0
0
0
0
0
0
0
0
0
0
0
0
0
0
0
0
0
0
0
0
0
0
0
0
0
0
0
0
0
0
0
0
0
0
0
16
56
119
194
263
339
438
486
496
529
597
637
629
657
654
672
659
703
683
738
727
796
752
774
835
849
1374
4409
1372
741
728
766
837
897
907
935
872
1016
1019
1063
1036
1058
1044
1108
1107
1219
1323
1337
1458
2375
1705
1253
1424
1397
1569
2040
2047
3837
21152
10683
4572
3723
1423
1387
6535
5729
1132
908
894
897
912
1047
1212
958
971
1184
1514
2201
3390
2224
2366
1513
1564
787
564
510
506
567
611
601
486
472
525
541
539
510
551
543
488
566
567
484
541
487
496
530
494
500
497
548
538
547
1294
2960
721
520
508
503
492
495
478
512
529
493
478
460
474
503
509
462
481
453
463
1012
1683
562
493
424
456
442
433
448
442
454
472
480
429
443
416
473
452
486
452
430
535
541
549
7757
13220
1144
308
312
314
287
295
266
310
425
386
272
311
309
298
290
306
480
367
311
1026
1249
298
251
260
246
267
222
247
228
227
259
214
214
245
237
242
213
247
190
226
237
193
233
254
229
219
226
236
223
212
202
225
212
184
191
225
194
215
207
173
194
195
175
174
191
184
192
188
194
187
174
182
181
165
184
219
447
257
167
144
143
141
183
149
174
159
153
141
174
149
155
148
159
149
156
173
153
162
150
148
153
132
147
132
155
130
138
130
127
136
122
122
127
131
151
137
140
125
118
110
121
144
113
101
121
110
107
109
108
102
130
127
104
93
132
127
103
102
113
89
111
96
106
114
89
116
129
102
100
108
106
101
98
97
106
106
89
92
93
88
76
95
89
86
90
86
91
88
103
83
94
103
84
80
90
76
70
92
82
77
74
78
97
79
79
83
73
64
74
82
82
87
66
73
79
84
83
84
68
84
77
82
75
82
84
70
67
75
73
68
67
70
80
83
66
88
76
66
75
67
61
63
72
62
67
73
73
70
74
68
59
75
64
69
64
52
76
82
59
61
76
58
67
68
62
56
55
53
56
64
60
53
70
52
77
64
52
52
54
67
61
71
55
59
69
37
62
64
40
49
61
46
50
42
56
57
44
51
42
45
50
50
63
55
52
59
52
53
40
56
58
59
50
53
49
64
54
66
41
55
45
56
64
42
39
45
53
50
47
53
56
48
58
55
46
48
51
38
44
51
58
49
38
47
39
48
44
52
53
51
42
40
49
41
37
53
40
44
54
40
57
65
48
37
51
52
53
54
49
52
50
55
46
51
40
47
40
36
52
40
45
44
47
48
41
46
41
60
49
46
47
47
40
44
39
46
44
45
28
37
37
47
53
50
31
31
42
35
45
40
43
51
39
54
36
40
45
45
46
43
36
46
35
34
46
47
46
37
45
50
79
51
39
46
37
44
34
49
47
34
37
34
31
28
43
38
38
33
42
29
45
35
32
34
34
31
41
33
28
24
31
33
26
35
37
42
30
29
27
35
30
27
35
36
30
28
31
46
22
30
27
38
34
36
32
20
36
29
36
31
42
26
33
49
22
24
27
34
21
33
41
16
21
36
28
28
21
28
30
29
26
26
21
23
20
23
24
24
26
24
24
23
26
35
34
27
30
28
24
27
29
38
29
39
24
28
24
31
34
24
30
26
30
39
22
30
26
29
25
24
22
29
20
19
25
23
17
27
22
25
26
43
32
18
26
20
27
27
25
31
30
36
24
37
39
15
28
27
21
27
30
24
27
23
30
32
28
19
24
20
28
25
29
23
18
17
33
32
27
25
20
24
16
24
27
35
35
41
23
21
20
34
23
29
39
35
64
143
79
46
19
29
20
20
26
21
34
22
20
31
25
26
29
23
24
36
29
24
32
20
18
79
363
474
102
34
32
17
27
31
41
30
24
25
32
26
31
23
29
33
33
38
26
46
90
57
32
20
21
27
29
32
31
23
29
25
23
22
17
14
19
19
10
8
19
37
23
27
23
18
14
20
20
13
30
19
20
20
12
22
23
20
13
15
17
18
15
22
13
12
23
12
21
23
10
24
12
18
10
7
20
17
10
13
18
7
10
21
19
10
13
11
11
20
19
23
9
15
11
13
11
5
12
10
16
18
11
7
8
10
10
11
8
7
5
9
14
11
14
11
15
9
9
10
10
36
38
13
23
26
10
9
11
15
14
9
7
7
7
13
14
10
8
8
13
12
14
8
8
10
6
13
9
3
7
4
9
8
5
10
7
7
4
6
6
4
8
9
4
4
17
10
8
20
11
24
20
5
5
5
5
3
5
6
9
7
8
3
5
4
8
6
11
8
8
13
39
32
9
11
4
4
5
2
5
11
5
1
9
4
8
7
3
6
6
6
2
9
4
5
6
7
4
5
4
8
7
6
4
7
4
4
5
9
11
10
10
4
10
4
6
5
7
11
8
9
4
2
9
8
10
5
4
13
81
438
890
414
47
3
3
3
3
7
3
4
3
4
3
5
1
6
7
5
2
0
2
3
3
10
5
2
2
8
3
8
3
5
1
3
2
1
1
2
4
5
6
1
3
2
1
2
10
5
0
4
3
2
3
0
3
5
1
1
0
5
2
2
2
6
3
3
8
2
4
6
2
5
4
3
1
1
1
4
5
6
3
6
2
4
0
4
2
1
2
5
3
2
3
4
2
5
2
4
2
2
2
4
4
3
3
1
3
4
3
2
1
0
5
3
2
0
3
8
5
2
4
3
3
0
7
2
0
7
1
5
1
2
3
8
7
2
2
2
5
5
4
3
2
0
2
3
4
2
3
2
2
3
2
2
5
2
2
1
0
2
0
2
2
2
0
3
0
0
3
1
2
0
2
1
3
1
2
0
0
0
2
2
2
3
2
2
2
3
1
1
2
3
1
3
1
1
0
1
2
2
3
1
4
3
1
1
0
2
11
17
2
4
3
4
4
1
2
2
4
0
3
0
2
0
3
1
0
1
2
2
4
1
1
2
1
2
1
3
2
1
0
2
1
2
2
0
2
5
2
2
0
2
2
2
2
3
8
2
2
1
1
1
5
3
0
0
4
0
1
3
3
1
0
0
1
2
1
1
1
4
0
5
0
1
1
2
0
1
1
2
3
2
2
3
1
2
0
4
2
0
4
2
3
1
2
1
2
3
2
3
0
3
0
1
0
0
2
0
2
2
1
1
4
2
0
2
0
2
2
6
4
0
2
2
2
0
2
0
2
2
3
2
3
0
3
1
2
2
1
1
3
2
0
4
3
0
2
1
0
2
2
0
2
1
1
1
2
0
2
2
0
1
0
1
1
1
2
2
1
1
2
1
3
1
2
1
2
0
0
2
2
0
0
1
0
0
3
0
1
0
4
0
1
2
2
1
2
4
1
2
2
1
0
3
0
0
3
1
0
1
3
3
2
3
2
1
1
1
0
2
2
1
3
3
0
1
2
1
0
1
0
1
1
2
1
3
4
4
0
1
2
0
0
1
3
3
1
4
1
0
1
0
2
2
4
0
3
5
7
7
3
1
1
2
1
0
0
2
1
1
1
1
1
3
2
2
2
1
3
1
3
3
0
1
0
0
3
2
2
0
1
0
3
1
3
1
0
1
2
1
0
2
1
0
2
1
1
0
1
1
3
2
3
0
0
4
1
1
1
1
1
3
2
0
1
1
1
1
0
0
0
0
1
0
0
1
0
1
2
2
4
8
5
0
2
0
1
1
1
1
0
1
0
0
0
3
0
1
1
3
2
0
0
1
5
4
1
4
0
1
1
0
0
2
0
0
0
2
0
0
4
3
1
1
2
0
1
6
5
8
0
1
1
0
3
3
2
1
0
1
0
1
1
0
0
0
1
2
2
1
1
0
1
2
0
2
3
0
0
3
1
1
1
1
2
2
0
3
0
1
3
3
1
2
0
0
0
0
2
0
0
1
1
1
2
0
2
3
1
1
2
0
1
1
4
1
3
1
0
1
1
1
0
0
1
1
1
2
1
1
2
1
0
0
0
0
0
1
1
1
4
0
0
1
0
0
1
1
0
1
0
2
0
0
1
1
1
0
2
0
1
0
1
1
0
0
1
0
0
1
1
1
1
0
1
1
3
0
0
1
0
0
0
3
0
0
0
0
0
2
1
2
1
0
1
0
1
1
0
1
2
0
1
0
0
1
0
0
0
0
0
1
1
0
0
0
0
0
0
1
0
0
1
0
2
1
1
1
0
0
0
1
0
0
0
1
0
0
1
0
0
0
2
1
0
2
4
15
8
2
0
0
1
1
0
0
0
0
0
1
0
0
0
1
0
0
1
0
0
1
0
0
0
0
0
0
7
2
2
0
0
0
0
0
1
0
0
1
0
0
0
0
0
1
0
0
0
1
0
0
0
0
0
0
0
0
0
0
0
0
1
0
0
0
0
1
1
0
0
1
0
1
0
1
1
3
1
0
0
0
0
0
0
0
0
1
0
0
1
0
0
0
0
0
2
0
0
4
9
7
1
1
0
0
0
0
0
0
0
0
1
0
0
0
0
0
0
0
0
0
1
0
0
0
0
0
0
0
0
1
0
0
2
0
0
0
3
3
3
4
0
0
1
3
3
4
5
0
1
1
1
0
0
0
0
0
0
0
0
0
0
0
0
0
0
1
1
0
0
0
0
0
0
0
0
0
0
0
0
0
0
0
0
1
1
1
3
0
0
1
0
0
0
0
0
0
0
0
0
0
2
0
0
0
0
0
0
0
0
0
0
0
3
3
0
0
0
0
0
0
0
0
0
0
0
0
0
0
0
0
0
0
0
1
0
0
0
0
0
0
0
0
0
0
0
0
0
1
0
0
0
0
1
0
0
0
0
0
0
0
0
0
0
0
0
0
0
0
0
0
0
0
0
0
0
0
0
0
0
0
1
0
0
0
0
0
0
0
0
0
0
0
0
1
0
0
0
0
0
0
0
0
0
0
0
1
0
0
0
0
0
0
0
1
0
0
0
0
0
0
0
0
0
0
0
0
0
0
0
0
0
0
0
0
0
0
0
0
0
0
0
0
0
1
0
0
0
0
0
0
0
0
0
0
0
0
0
0
0
0
0
0
0
0
0
0
0
0
0
0
0
0
0
0
0
0
0
0
0
0
0
0
0
0
0
0
0
0
0
0
0
0
0
0
0
0
0
0
0
0
0
0
0
0
0
0
0
0
0
0
0
0
0
0
0
0
0
0
0
0
0
0
0
0
0
0
1
0
1
0
0
0
0
0
1
0
0
0
1
0
0
0
0
0
0
0
0
0
0
0
1
0
0
1
0
0
0
0
0
0
0
0
0
0
0
0
0
0
0
0
0
0
0
0
0
0
0
0
0
0
0
0
0
0
0
0
0
0
0
0
0
0
0
0
0
0
0
0
0
0
0
0
0
0
0
0
0
0
0
0
0
0
0
0
0
0
0
0
0
0
0
0
0
0
0
0
0
0
0
0
0
0
0
0
0
0
0
0
0
0
0
0
0
0
0
0
0
0
0
0
0
0
0
0
0
0
0
0
1
0
0
0
0
0
0
0
0
0
0
0
0
0
0
0
0
0
0
0
0
0
0
0
0
0
0
0
0
0
0
0
0
0
0
0
0
0
0
0
0
1
0
0
0
0
0
0
0
0
0
1
0
0
0
0
0
0
0
0
0
0
0
0
0
0
0
0
0
0
0
0
0
0
0
1
0
0
0
0
0
0
0
0
0
0
0
0
0
0
0
0
0
0
0
0
0
0
0
0
0
0
0
0
0
0
0
0
0
1
1
0
0
0
0
0
0
0
0
0
0
0
0
0
0
1
0
0
0
0
0
1
0
0
0
0
0
0
0
0
0
0
0
1
0
0
0
0
1
0
0
0
0
0
0
0
0
0
0
0
0
0
0
0
0
0
0
0
0
0
0
0
0
0
0
0
0
0
0
0
0
0
0
0
1
0
0
0
0
0
0
0
0
0
0
0
0
0
0
0
0
0
0
0
0
0
0
0
0
0
0
0
0
0
0
0
0
0
0
0
0
0
0
0
0
0
0
0
1
0
0
0
0
0
0
0
0
0
0
0
0
0
0
0
0
0
0
0
0
0
0
0
0
0
0
0
0
0
0
0
0
0
0
0
0
0
0
0
1
0
0
0
0
0
0
0
0
0
0
0
0
0
0
0
0
0
0
0
0
0
0
0
0
0
0
0
0
0
0
0
0
0
0
0
0
0
0
0
0
0
0
0
0
0
0
0
0
0
0
0
0
0
0
0
0
0
0
0
0
0
0
0
0
0
0
1
0
1
0
0
0
0
0
0
0
0
0
0
0
0
0
0
0
0
0
0
0
0
0
0
0
0
0
0
0
0
0
0
0
0
0
0
0
0
0
0
0
0
0
0
0
0
0
0
0
0
0
0
1
0
1
0
0
0
0
0
0
0
0
0
0
0
0
0
0
0
0
0
0
0
0
0
0
0
0
0
0
0
0
0
0
0
0
0
0
0
0
0
0
0
0
0
0
0
0
0
0
0
0
0
0
0
0
0
0
0
0
0
0
0
0
0
0
0
0
0
0
0
0
0
0
0
0
0
0
0
0
0
0
0
0
0
0
0
0
0
0
0
0
0
0
0
0
0
0
0
0
0
0
0
0
0
1
0
0
0
0
0
0
0
0
0
0
0
0
0
0
0
0
0
0
0
0
0
1
0
0
0
0
0
0
0
0
0
0
0
0
0
0
0
0
0
0
0
0
0
0
0
0
0
0
0
0
0
1
0
0
0
0
0
0
0
0
0
0
0
0
0
0
0
0
0
0
0
0
0
0
0
0
0
0
0
0
0
0
0
0
0
0
0
0
0
0
0
0
0
0
0
0
0
0
0
0
0
0
0
0
0
0
0
0
0
0
0
0
0
0
0
0
0
0
0
0
0
0
0
0
0
0
0
0
0
0
0
0
0
0
0
0
0
0
0
0
0
0
0
0
0
0
0
0
0
0
0
1
0
0
0
0
0
0
0
0
0
0
0
0
0
0
0
0
0
0
0
0
1
0
0
0
0
0
0
0
0
0
0
0
0
0
0
0
0
0
0
0
0
0
0
0
1
0
0
0
0
0
0
0
0
0
0
0
0
0
0
0
0
0
0
0
0
0
0
0
0
0
1
0
0
0
0
0
0
0
0
0
0
0
0
0
0
0
0
0
0
0
0
0
0
0
0
0
0
0
0
0
0
0
0
0
0
0
0
0
0
0
0
0
0
0
0
0
0
0
0
0
0
0
0
0
0
0
0
0
0
0
0
0
0
0
0
0
0
0
0
0
0
0
1
0
0
0
0
0
0
0
0
0
0
0
0
0
0
0
0
0
0
0
0
0
0
0
0
0
0
0
0
0
0
0
0
0
0
0
0
0
0
0
0
0
0
0
0
2
0
0
0
0
0
0
0
0
0
0
0
0
0
0
0
0
0
0
0
0
0
0
0
0
0
0
0
0
0
0
0
0
0
0
0
0
0
0
0
0
0
0
0
0
0
0
0
0
0
0
0
0
0
0
0
0
0
0
0
0
0
0
0
0
0
0
0
0
0
0
0
0
0
0
0
0
0
0
0
0
0
0
0
0
0
0
0
0
0
0
0
0
0
0
0
0
0
0
0
0
0
0
0
0
0
0
0
0
0
0
0
0
0
0
0
0
0
0
0
0
0
0
0
0
1
0
0
0
0
0
0
0
1
0
0
0
0
0
0
0
0
0
0
0
0
0
0
0
0
0
0
0
0
0
0
0
0
0
0
0
0
0
0
0
0
0
0
0
0
0
0
0
0
0
0
0
0
0
0
0
0
0
0
0
0
0
0
0
0
0
0
0
0
0
0
0
0
0
0
0
0
0
0
0
0
0
0
0
0
1
0
0
0
0
0
0
0
0
0
0
0
0
0
0
0
0
1
0
0
0
0
0
0
0
0
0
0
0
0
0
0
0
0
0
0
0
0
0
0
0
0
0
0
1
0
0
0
0
0
0
0
0
0
0
0
0
0
0
0
0
0
0
0
0
0
0
0
0
0
0
0
0
0
0
0
0
0
0
0
0
0
0
0
0
0
0
0
0
0
0
0
0
0
0
0
0
0
0
0
0
0
0
0
0
0
0
1
0
0
0
0
0
0
0
0
0
0
0
0
0
0
0
0
0
0
0
0
0
0
0
0
0
0
0
0
0
0
0
0
0
0
0
0
0
0
0
0
0
0
0
0
0
0
0
0
0
0
0
0
0
0
0
0
0
0
0
0
0
0
0
0
0
0
0
0
0
0
0
0
0
0
0
0
0
0
0
0
0
0
0
0
0
0
0
0
0
0
0
0
0
0
0
0
0
0
0
0
0
0
0
0
0
0
0
0
0
0
0
0
0
1
0
0
0
0
0
0
0
0
0
0
0
0
0
0
0
0
0
0
0
0
0
0
0
0
0
0
0
0
0
0
0
0
0
0
0
0
0
0
0
0
0
0
0
0
0
0
0
0
0
0
0
0
0
0
0
0
0
0
0
0
0
0
0
0
0
0
0
0
0
0
0
0
0
0
0
0
0
0
0
0
0
0
0
0
0
0
0
0
0
0
1
0
0
0
0
0
1
0
0
0
0
0
0
0
0
0
0
0
1
0
0
0
0
0
0
0
0
0
0
0
0
0
0
0
0
0
0
0
0
0
0
0
0
0
0
0
0
0
0
0
0
0
0
0
0
0
0
0
0
0
0
0
0
0
0
0
0
0
0
0
0
0
0
0
0
0
1
0
0
0
0
0
0
0
0
0
0
0
0
0
0
0
0
0
0
0
0
0
0
0
0
0
0
0
0
0
0
0
0
0
0
0
0
0
0
0
0
0
0
0
0
0
0
0
0
0
0
0
0
0
0
0
0
0
0
0
0
0
0
0
0
0
0
0
0
0
0
0
0
0
0
0
0
0
0
0
0
0
0
0
0
0
0
0
0
0
0
0
0
0
0
0
0
0
0
0
0
0
0
0
0
0
0
0
0
0
0
0
0
0
0
0
0
0
0
0
0
0
0
0
0
0
0
0
0
0
0
0
0
0
0
0
0
0
0
0
0
0
0
0
0
0
0
0
0
0
0
0
0
0
0
0
0
0
0
0
0
0
0
0
0
0
0
0
0
0
0
0
0
0
0
0
0
0
0
0
0
0
0
0
0
0
0
0
0
0
0
0
0
0
0
0
0
0
0
0
0
0
0
0
0
0
0
0
0
0
0
0
0
0
<<END>>
<<HARDWARE SETUP>>
FIRSTPEAK - 1
PROTECTTIMEENABLE - 0
PILEUPLOSSCORRECTION - 0
PILEUPREJECTION - 1
PEAKINGTIME - 13.000000
<<END>>